[0.99993992, 0.0026732478, -0.010626714, -0.057727795;
 -0.002586487, 0.99996352, 0.0081693372, -0.033318516;
 0.010648117, -0.0081413519, 0.99991024, -0.08435066;
 0, 0, 0, 1]
[0.99993372, 0.0032033834, -0.011039007, -0.060258854;
 -0.0031111417, 0.99996012, 0.0083554136, -0.024539942;
 0.011065313, -0.0083204471, 0.99990422, -0.087371878;
 0, 0, 0, 1]
[0.99991888, 0.0031797267, -0.012324102, -0.05548824;
 -0.0030975295, 0.99997246, 0.0066856002, -0.0086512053;
 0.012344993, -0.0066468231, 0.99990171, -0.052499212;
 0, 0, 0, 1]
[0.99992007, 0.0030452516, -0.012286922, -0.057489838;
 -0.0029539287, 0.99996811, 0.007444771, -0.019008417;
 0.012309117, -0.0074078292, 0.99989706, -0.063374437;
 0, 0, 0, 1]
[0.99991918, 0.0035005072, -0.012197978, -0.059363768;
 -0.0034046471, 0.99996287, 0.0078663472, -0.013824649;
 0.012225268, -0.0078241052, 0.99989432, -0.071955331;
 0, 0, 0, 1]
[0.99997544, 0.0014252322, -0.006891604, -0.033223633;
 -0.0013940324, 0.99998891, 0.0045243576, -0.019933015;
 0.0068980563, -0.0045145815, 0.99996614, -0.040189803;
 0, 0, 0, 1]
[0.99996382, 0.0023111198, -0.0081991265, -0.041351493;
 -0.0022639779, 0.99998122, 0.0057448288, -0.014633569;
 0.0082123075, -0.0057260902, 0.99994999, -0.055236183;
 0, 0, 0, 1]
[0.99995434, 0.0024670521, -0.0093068182, -0.047412608;
 -0.0024025517, 0.99997336, 0.0069256676, -0.023842232;
 0.0093237553, -0.006902949, 0.99993294, -0.067321762;
 0, 0, 0, 1]
[0.99994338, 0.0031506554, -0.010180174, -0.052649792;
 -0.0030728742, 0.99996608, 0.0076494669, -0.017538797;
 0.010204024, -0.0076177279, 0.99991912, -0.07626345;
 0, 0, 0, 1]
[0.99993443, 0.0036614246, -0.010845139, -0.056515764;
 -0.0035727455, 0.99996024, 0.0081812944, -0.012751335;
 0.010874476, -0.0081419675, 0.99990797, -0.082672052;
 0, 0, 0, 1]
[0.99992979, 0.0034706385, -0.011338715, -0.058682833;
 -0.0033716429, 0.99995643, 0.0087274257, -0.022428732;
 0.011368544, -0.00868857, 0.99989766, -0.087096944;
 0, 0, 0, 1]
[0.9999249, 0.0038560904, -0.011660361, -0.060569458;
 -0.0037522393, 0.99995333, 0.0089105982, -0.01652687;
 0.011694068, -0.0088661853, 0.99989265, -0.089660421;
 0, 0, 0, 1]
[0.99991477, 0.0031595447, -0.012651434, -0.07950329;
 -0.003073368, 0.99997151, 0.006822797, -0.012786424;
 0.01267265, -0.0067833345, 0.99989659, -0.12257041;
 0, 0, 0, 1]
[0.99991643, 0.0030373449, -0.01255827, -0.074709669;
 -0.0029418508, 0.99996644, 0.007613834, -0.022551941;
 0.012581147, -0.0075762193, 0.99989194, -0.11457291;
 0, 0, 0, 1]
[0.99991703, 0.0035011775, -0.012411314, -0.070929438;
 -0.0034015132, 0.99996185, 0.0080422116, -0.016686253;
 0.012439007, -0.0079993233, 0.9998908, -0.10713507;
 0, 0, 0, 1]
[0.99991947, 0.0032928013, -0.012270943, -0.067125045;
 -0.0031881365, 0.99995863, 0.0085321004, -0.025377495;
 0.012298788, -0.0084922789, 0.99988848, -0.10083739;
 0, 0, 0, 1]
[0.9999218, 0.0031312248, -0.012131425, -0.064043716;
 -0.0030235627, 0.99995619, 0.0088784155, -0.031748585;
 0.012159016, -0.008841061, 0.99988675, -0.095740318;
 0, 0, 0, 1]
[0.99992174, 0.0035612269, -0.011988818, -0.062188938;
 -0.0034544212, 0.9999541, 0.0089217275, -0.023022594;
 0.012020151, -0.0088796001, 0.99988836, -0.09156771;
 0, 0, 0, 1]
[0.99991232, 0.0032894937, -0.012842485, -0.054245546;
 -0.0031952825, 0.99996841, 0.0073501854, -0.018165279;
 0.012866118, -0.0073085395, 0.99989104, -0.051716875;
 0, 0, 0, 1]
[0.9999733, 0.0012590655, -0.0072809281, -0.027627425;
 -0.0012292386, 0.99999112, 0.0040848604, -0.022611707;
 0.0072860373, -0.0040758001, 0.99996555, -0.021252817;
 0, 0, 0, 1]
[0.99996245, 0.0021843081, -0.0083955266, -0.035979826;
 -0.0021390575, 0.99998313, 0.0053900024, -0.016004946;
 0.008407291, -0.0053718183, 0.99995029, -0.038651578;
 0, 0, 0, 1]
[0.99995238, 0.0029249319, -0.0093543949, -0.043137304;
 -0.002864399, 0.99997503, 0.0064668292, -0.011148034;
 0.0093731321, -0.0064397007, 0.99993533, -0.053337667;
 0, 0, 0, 1]
[0.99994248, 0.0034897437, -0.010137754, -0.048974499;
 -0.0034156316, 0.99996716, 0.0073141665, -0.0077806977;
 0.010163059, -0.0072790789, 0.99992192, -0.065187208;
 0, 0, 0, 1]
[0.99993461, 0.0038979966, -0.010750558, -0.053508073;
 -0.0038127634, 0.99996126, 0.007949518, -0.0056182183;
 0.010780955, -0.0079080202, 0.99991077, -0.074320637;
 0, 0, 0, 1]
[0.9999299, 0.0037795482, -0.011229023, -0.056598742;
 -0.0036859589, 0.99995834, 0.0083476175, -0.0066210264;
 0.011259842, -0.0083055776, 0.99990273, -0.08125823;
 0, 0, 0, 1]
[0.99997824, 0.0021923613, -0.0063308743, -0.032255176;
 -0.0021618532, 0.99998659, 0.0048131137, -0.0022035865;
 0.0063412539, -0.0047993576, 0.99996895, -0.047338374;
 0, 0, 0, 1]
[0.99996442, 0.0028759656, -0.0079467539, -0.041084576;
 -0.0028279638, 0.99997789, 0.0060401377, -0.0025051609;
 0.0079638502, -0.0060174563, 0.99995041, -0.06057981;
 0, 0, 0, 1]
[0.99999183, 0.0010034171, -0.0040591797, -0.020857075;
 -0.00098970335, 0.99999404, 0.0033650456, -0.012935173;
 0.004062294, -0.0033610135, 0.99998653, -0.032696906;
 0, 0, 0, 1]
[0.99999934, -0.00034759284, -0.0012823942, -0.0063351584;
 0.00034943729, 0.99999881, 0.0014498126, -0.020822834;
 0.00128179, -0.0014502668, 0.99999857, -0.01245448;
 0, 0, 0, 1]
[0.99998903, 0.0011151007, -0.0046261367, -0.023861276;
 -0.0010974461, 0.99999231, 0.0037908915, -0.016616171;
 0.004630405, -0.0037857459, 0.99998248, -0.037083682;
 0, 0, 0, 1]
[0.99997228, 0.0024243272, -0.0070720422, 0.016619757;
 -0.0023864785, 0.99998295, 0.0053498009, 0.0058393162;
 0.0070848698, -0.0053327228, 0.99996096, 0.018125407;
 0, 0, 0, 1]
[0.99995279, 0.0032744682, -0.0091578532, -0.0086354297;
 -0.0032117728, 0.99997145, 0.0068443161, 0.0032880022;
 0.0091799526, -0.0068144822, 0.99993467, -0.016657697;
 0, 0, 0, 1]
[0.99993747, 0.0033308042, -0.010684487, -0.028119221;
 -0.0032442708, 0.99996161, 0.0081085684, -0.012292912;
 0.010711172, -0.0080733569, 0.99991018, -0.044201765;
 0, 0, 0, 1]
[0.99992549, 0.0033331267, -0.011726012, -0.042839829;
 -0.00322805, 0.99995446, 0.0089736786, -0.024058092;
 0.011755156, -0.0089350967, 0.99989104, -0.064938001;
 0, 0, 0, 1]
[0.99991816, 0.0033013418, -0.012376588, -0.053384323;
 -0.0031836363, 0.99995017, 0.0095201796, -0.032488395;
 0.012407321, -0.0094799818, 0.99987829, -0.079694331;
 0, 0, 0, 1]
[0.99991387, 0.0032500499, -0.012730754, -0.06044979;
 -0.0031250555, 0.99994725, 0.009822608, -0.038134091;
 0.01276189, -0.0097819772, 0.99987078, -0.089540511;
 0, 0, 0, 1]
[0.99991006, 0.0037402262, -0.012851816, -0.065291263;
 -0.0036149337, 0.99994576, 0.0097640883, -0.028449049;
 0.012887295, -0.0097167352, 0.99986982, -0.095362082;
 0, 0, 0, 1]
[0.99996883, 0.002210289, -0.0076150051, -0.041135509;
 -0.002166223, 0.99998111, 0.0057817828, -0.017378002;
 0.0076276832, -0.0057650628, 0.99995434, -0.059778318;
 0, 0, 0, 1]
[0.99995619, 0.0029337506, -0.008916161, -0.049387492;
 -0.0028744219, 0.99997365, 0.0066515803, -0.012275468;
 0.0089355418, -0.0066256388, 0.99993819, -0.071037158;
 0, 0, 0, 1]
[0.999946, 0.0029365446, -0.0099647073, -0.054892894;
 -0.0028614728, 0.99996722, 0.0075378455, -0.021798328;
 0.0099865682, -0.0075088711, 0.9999218, -0.079458758;
 0, 0, 0, 1]
[0.99998432, 0.0010763474, -0.0055479119, -0.031881738;
 -0.0010520308, 0.99999022, 0.0043738866, -0.025713794;
 0.0055523715, -0.0043679448, 0.99997538, -0.046870083;
 0, 0, 0, 1]
[0.99997014, 0.0021228075, -0.0075199078, -0.042031877;
 -0.0020798373, 0.999982, 0.0057104505, -0.018604917;
 0.0075319116, -0.0056946087, 0.99995571, -0.060876925;
 0, 0, 0, 1]
[0.99999213, 0.0010909098, -0.0038826021, -0.023074413;
 -0.0010793811, 0.99999523, 0.0029461414, -0.0099551613;
 0.0038856464, -0.0029418934, 0.9999885, -0.033261739;
 0, 0, 0, 1]
[0.99997765, 0.001652209, -0.0064932052, -0.035518356;
 -0.0016197291, 0.99998593, 0.0049845916, -0.020100169;
 0.0065013696, -0.0049738451, 0.99996656, -0.051754575;
 0, 0, 0, 1]
[0.99995935, 0.0028148987, -0.0085505378, -0.046008542;
 -0.0027620387, 0.99997669, 0.006174075, -0.0037863152;
 0.0085675707, -0.006150174, 0.99994451, -0.06616769;
 0, 0, 0, 1]
[0.99994308, 0.0035266972, -0.010085193, -0.053492025;
 -0.0034530296, 0.9999674, 0.0073073739, -0.0027351924;
 0.010110391, -0.0072721173, 0.99992287, -0.076656602;
 0, 0, 0, 1]
[0.99992973, 0.004025795, -0.011172912, -0.05871319;
 -0.0039351662, 0.99995929, 0.0081255604, -0.0024303445;
 0.011205124, -0.0080810068, 0.99990493, -0.084058739;
 0, 0, 0, 1]
[0.99992013, 0.0043506022, -0.011895795, -0.062095877;
 -0.0042475015, 0.99995345, 0.0086780973, -0.0026269022;
 0.01193293, -0.0086268261, 0.99989188, -0.088866293;
 0, 0, 0, 1]
[0.99991357, 0.0045383954, -0.012328465, -0.064040788;
 -0.0044273576, 0.99994957, 0.0090165483, -0.0031219616;
 0.012368491, -0.0089611439, 0.99988353, -0.091630787;
 0, 0, 0, 1]
[0.99991268, 0.0040737926, -0.012561881, -0.064403675;
 -0.0039560231, 0.99994791, 0.0093775326, -0.016899755;
 0.01259934, -0.0093269795, 0.99987715, -0.093055397;
 0, 0, 0, 1]
[0.99991095, 0.004238727, -0.012619786, -0.064695656;
 -0.0041203257, 0.99994743, 0.0093921302, -0.014029233;
 0.012658624, -0.0093392152, 0.99987608, -0.09326186;
 0, 0, 0, 1]
[0.99997038, 0.0024637298, -0.0073653357, -0.037711523;
 -0.0024233256, 0.99998236, 0.0054831253, -0.0084103178;
 0.0073787211, -0.0054650544, 0.99995834, -0.05437975;
 0, 0, 0, 1]
[0.99999309, 0.0011587548, -0.003467608, -0.017677283;
 -0.0011498304, 0.99999624, 0.0025870011, -0.0041970666;
 0.0034705286, -0.0025830767, 0.9999904, -0.025480259;
 0, 0, 0, 1]
[0.99998111, 0.001542375, -0.0059435382, -0.029870525;
 -0.0015151189, 0.99998844, 0.0045757284, -0.017607581;
 0.005950517, -0.0045665987, 0.99997193, -0.043788824;
 0, 0, 0, 1]
[0.99996656, 0.0018947428, -0.0079630045, -0.03984822;
 -0.0018455269, 0.99997914, 0.0061806166, -0.027581058;
 0.0079745455, -0.0061656842, 0.99994934, -0.058710545;
 0, 0, 0, 1]
[0.99995214, 0.0021988398, -0.0095327767, -0.047636084;
 -0.0021281838, 0.99997026, 0.0074150451, -0.034594338;
 0.0095489044, -0.0073943697, 0.99992704, -0.070306666;
 0, 0, 0, 1]
[0.99993968, 0.0024477416, -0.010691582, -0.0534201;
 -0.0023588557, 0.99996245, 0.0083176922, -0.039183386;
 0.010711564, -0.0082919523, 0.99990833, -0.078882262;
 0, 0, 0, 1]
[0.99993068, 0.0026416853, -0.011500462, -0.057480689;
 -0.0025388913, 0.99995697, 0.0089387596, -0.041869864;
 0.011523577, -0.0089088837, 0.9998942, -0.084864363;
 0, 0, 0, 1]
[0.99992406, 0.002785559, -0.012021856, -0.060127854;
 -0.0026733822, 0.99995303, 0.0093344906, -0.043152541;
 0.012047289, -0.0093016569, 0.99988437, -0.088710487;
 0, 0, 0, 1]
[0.99997467, 0.0010205518, -0.007098035, -0.034901205;
 -0.00097995542, 0.99998337, 0.0057149101, -0.040169548;
 0.0071039256, -0.0057077892, 0.99995852, -0.05251886;
 0, 0, 0, 1]
[0.9999944, -0.00026074398, -0.0034310501, -0.016109513;
 0.00027114776, 0.99999547, 0.0030200281, -0.037418269;
 0.0034301679, -0.0030209061, 0.99998987, -0.025542507;
 0, 0, 0, 1]
[0.99998105, 0.0012451864, -0.0060475916, -0.030173672;
 -0.0012163873, 0.99998808, 0.0047480259, -0.025180679;
 0.0060533751, -0.0047404706, 0.9999705, -0.044768542;
 0, 0, 0, 1]
[0.99996513, 0.001880439, -0.0081521412, -0.040873941;
 -0.0018287579, 0.9999783, 0.0063317954, -0.029163174;
 0.0081637921, -0.0063166241, 0.99994689, -0.060302142;
 0, 0, 0, 1]
[0.99998933, 0.00050941162, -0.0045442577, -0.022260688;
 -0.00049252121, 0.99999291, 0.0037080273, -0.029000284;
 0.0045461217, -0.0037057018, 0.99998277, -0.033752266;
 0, 0, 0, 1]
[0.99997377, 0.0013553614, -0.007119868, -0.035421386;
 -0.0013153217, 0.99998319, 0.0056194048, -0.03219128;
 0.0071274587, -0.005609862, 0.99995911, -0.052764822;
 0, 0, 0, 1]
[0.99995512, 0.0025647504, -0.0090945605, -0.046098683;
 -0.0025019045, 0.99997294, 0.0069121956, -0.021424294;
 0.0091118496, -0.0068890131, 0.99993473, -0.067260817;
 0, 0, 0, 1]
[0.99993873, 0.0034559451, -0.010538804, -0.053921618;
 -0.0033731046, 0.99996358, 0.0078633996, -0.013503076;
 0.010565531, -0.0078273267, 0.99991393, -0.077881046;
 0, 0, 0, 1]
[0.99992687, 0.0035222115, -0.011550363, -0.058796778;
 -0.0034218198, 0.99995637, 0.0086997403, -0.021142;
 0.011580447, -0.0086595817, 0.99989563, -0.085357942;
 0, 0, 0, 1]
[0.99990737, 0.0034776507, -0.013153235, -0.055819839;
 -0.0033791915, 0.99996614, 0.0075008487, -0.015960122;
 0.013178732, -0.0074556908, 0.99988532, -0.053240184;
 0, 0, 0, 1]
[0.99990445, 0.0039860494, -0.013243854, -0.059652515;
 -0.0038786407, 0.99995971, 0.0081194416, -0.010423904;
 0.013275824, -0.0080672381, 0.99987948, -0.06577944;
 0, 0, 0, 1]
[0.99996501, 0.0024510087, -0.0079591582, -0.035207652;
 -0.0024137355, 0.99998611, 0.0046890671, -0.0034825662;
 0.0079704048, -0.0046697152, 0.99995714, -0.036863513;
 0, 0, 0, 1]
[0.9999541, 0.0025989665, -0.009211842, -0.04332792;
 -0.0025419162, 0.99997771, 0.0061875833, -0.015151863;
 0.009227653, -0.0061638402, 0.99993837, -0.054266877;
 0, 0, 0, 1]
[0.99994439, 0.0027174298, -0.010198356, -0.049656197;
 -0.0026424092, 0.99996984, 0.0073518697, -0.02423213;
 0.010218459, -0.0073245261, 0.99992073, -0.067764848;
 0, 0, 0, 1]
[0.99993455, 0.0033583585, -0.01092237, -0.054879412;
 -0.0032706913, 0.99996221, 0.0080353357, -0.017824054;
 0.010949095, -0.0079990672, 0.99990803, -0.077599779;
 0, 0, 0, 1]
[0.99992901, 0.0032742361, -0.01144909, -0.058037125;
 -0.0031748698, 0.99995714, 0.0086887088, -0.026079878;
 0.011477009, -0.0086516999, 0.99989671, -0.084564246;
 0, 0, 0, 1]
[0.99992549, 0.0031921831, -0.01179721, -0.060067773;
 -0.0030846046, 0.99995369, 0.0091241738, -0.032126877;
 0.011825752, -0.0090870699, 0.99988902, -0.089146271;
 0, 0, 0, 1]
[0.99997526, 0.0019576538, -0.0067833099, -0.035283141;
 -0.0019227633, 0.99998492, 0.0051276814, -0.0089849122;
 0.0067932196, -0.0051144115, 0.99996418, -0.053284477;
 0, 0, 0, 1]
[0.9999634, 0.0022052492, -0.0082982229, -0.042831384;
 -0.0021521153, 0.99997693, 0.0064132051, -0.019040048;
 0.0083122328, -0.0063950573, 0.99994534, -0.06490811;
 0, 0, 0, 1]
[0.99995065, 0.0029678203, -0.0095069613, -0.049370054;
 -0.0028989871, 0.99997002, 0.0072450233, -0.013651163;
 0.0095279533, -0.0072170529, 0.99992865, -0.073808111;
 0, 0, 0, 1]
[0.99994093, 0.0029930412, -0.010450972, -0.053799849;
 -0.0029088887, 0.99996382, 0.0080598574, -0.022881486;
 0.010474638, -0.0080288965, 0.9999128, -0.080540426;
 0, 0, 0, 1]
[0.99998105, 0.0016885853, -0.0059170751, -0.030745678;
 -0.0016612402, 0.99998766, 0.0046190941, -0.013383144;
 0.0059245075, -0.0046090549, 0.99997222, -0.046551593;
 0, 0, 0, 1]
[0.9999674, 0.002039586, -0.0078065298, -0.039974779;
 -0.0019919621, 0.99997938, 0.0061060977, -0.022733998;
 0.0078185732, -0.006090248, 0.999951, -0.060066946;
 0, 0, 0, 1]
[0.99995273, 0.0028805609, -0.0092925243, -0.047811635;
 -0.002814719, 0.99997073, 0.0070875846, -0.016609449;
 0.009312694, -0.0070610372, 0.99993187, -0.070468321;
 0, 0, 0, 1]
[0.99998575, 0.0011027111, -0.0052150707, -0.026407532;
 -0.0010808902, 0.99999094, 0.0041698455, -0.021859843;
 0.0052195904, -0.0041640704, 0.99997771, -0.04000783;
 0, 0, 0, 1]
[0.99996996, 0.0021984547, -0.007427467, -0.038003389;
 -0.0021562045, 0.99998122, 0.0056796023, -0.015907682;
 0.0074397619, -0.00566334, 0.99995643, -0.055874635;
 0, 0, 0, 1]
[0.99995351, 0.00304647, -0.0091555659, -0.047051113;
 -0.0029836411, 0.99997151, 0.0068647088, -0.01146171;
 0.0091762692, -0.0068369582, 0.99993479, -0.068262801;
 0, 0, 0, 1]
[0.99994069, 0.0031196007, -0.0104552, -0.053244989;
 -0.0030366678, 0.999964, 0.0079344744, -0.021462815;
 0.010479359, -0.0079021994, 0.99991399, -0.077630386;
 0, 0, 0, 1]
[0.99997956, 0.0018350666, -0.0061450046, -0.031332709;
 -0.0018063522, 0.9999876, 0.0046634995, -0.012570923;
 0.0061534452, -0.004652238, 0.99997038, -0.045620173;
 0, 0, 0, 1]
[0.99999571, 0.00033774695, -0.0029478087, -0.014476918;
 -0.00033058005, 0.99999702, 0.0024210429, -0.019088821;
 0.0029484367, -0.0024200089, 0.99999285, -0.021970961;
 0, 0, 0, 1]
[0.9999994, -0.00017903365, -0.0006910917, -0.0031222699;
 0.00017946973, 1, 0.00066043437, -0.010884241;
 0.0006909126, -0.00066061551, 0.99999946, -0.0051265624;
 0, 0, 0, 1]
[0.99998999, 0.00079688709, -0.0044188523, -0.021952439;
 -0.00078140042, 0.99999344, 0.003509219, -0.021248514;
 0.0044216034, -0.0035056998, 0.99998409, -0.032682627;
 0, 0, 0, 1]
[0.99997091, 0.0021346738, -0.0073402477, -0.037275758;
 -0.002093778, 0.99998212, 0.0055589806, -0.015871549;
 0.0073517081, -0.0055433842, 0.99995786, -0.054166611;
 0, 0, 0, 1]
[0.99995142, 0.002592023, -0.0095371027, -0.048206877;
 -0.0025226432, 0.9999705, 0.0072778217, -0.024933213;
 0.0095557878, -0.0072533642, 0.99992841, -0.070402034;
 0, 0, 0, 1]
[0.99998224, 0.001046233, -0.0058774189, -0.029156437;
 -0.0010188264, 0.99998856, 0.0046593575, -0.028304651;
 0.0058822013, -0.0046532741, 0.99997205, -0.043486658;
 0, 0, 0, 1]
[0.9999631, 0.0022941672, -0.0083024157, -0.042020831;
 -0.0022416927, 0.99997717, 0.0063201869, -0.020658918;
 0.0083168903, -0.0063013104, 0.9999457, -0.06130901;
 0, 0, 0, 1]
[0.99998784, 0.00082423311, -0.0048946254, -0.024250519;
 -0.00080513593, 0.99999195, 0.003896455, -0.024626389;
 0.0048977993, -0.0038923793, 0.99998063, -0.036254611;
 0, 0, 0, 1]
[0.9999693, 0.0021338461, -0.0075565898, -0.03831245;
 -0.0020904678, 0.99998122, 0.0057376842, -0.017645514;
 0.0075686313, -0.0057216142, 0.99995512, -0.055877507;
 0, 0, 0, 1]
[0.99994975, 0.0031233439, -0.0095581738, -0.048893534;
 -0.0030551695, 0.99997014, 0.0071284748, -0.012412619;
 0.0095802285, -0.0070988727, 0.99992895, -0.070587128;
 0, 0, 0, 1]
[0.99993455, 0.0032795414, -0.010998496, -0.055903699;
 -0.0031881421, 0.99996072, 0.0083038611, -0.021836055;
 0.011025392, -0.0082681775, 0.99990499, -0.0812684;
 0, 0, 0, 1]
[0.99997574, 0.002033002, -0.0067329109, -0.034300949;
 -0.0019986974, 0.99998569, 0.0050712242, -0.012554973;
 0.0067430069, -0.0050575887, 0.99996465, -0.049804818;
 0, 0, 0, 1]
[0.99995911, 0.0023950813, -0.0087271333, -0.044179842;
 -0.0023370073, 0.99997526, 0.006653198, -0.022101408;
 0.0087426286, -0.0066324817, 0.9999398, -0.064575389;
 0, 0, 0, 1]
[0.99994302, 0.0032157064, -0.010207692, -0.052087687;
 -0.0031375829, 0.99996608, 0.0076535153, -0.016151436;
 0.010231925, -0.0076210066, 0.99991906, -0.075439669;
 0, 0, 0, 1]
[0.99993044, 0.0034133091, -0.011276877, -0.057426933;
 -0.0033195831, 0.99995971, 0.0083084973, -0.013920467;
 0.011304895, -0.0082704565, 0.99990183, -0.083437324;
 0, 0, 0, 1]
[0.99992263, 0.0033698175, -0.011972802, -0.060667455;
 -0.0032625527, 0.9999544, 0.0089659328, -0.023283876;
 0.012002446, -0.0089261485, 0.99988818, -0.08857476;
 0, 0, 0, 1]
[0.9999181, 0.0033054794, -0.01238692, -0.06254638;
 -0.0031894241, 0.99995118, 0.009380307, -0.030250622;
 0.012417339, -0.0093400376, 0.99987936, -0.091605693;
 0, 0, 0, 1]
[0.99991375, 0.0037834926, -0.012574979, -0.063941829;
 -0.0036649446, 0.99994868, 0.0094286697, -0.022023324;
 0.012609961, -0.0093817292, 0.99987656, -0.09295965;
 0, 0, 0, 1]
[0.99991393, 0.0035625473, -0.012631429, -0.06396661;
 -0.0034417426, 0.99994844, 0.0095711593, -0.028788481;
 0.012664773, -0.0095268479, 0.99987465, -0.093341649;
 0, 0, 0, 1]
[0.9999131, 0.0039214203, -0.0125738, -0.064080022;
 -0.0038029649, 0.99994838, 0.0094333449, -0.020550681;
 0.012609923, -0.0093846535, 0.99987662, -0.09290316;
 0, 0, 0, 1]
[0.99991339, 0.004165668, -0.012460819, -0.063804574;
 -0.0040501645, 0.99994862, 0.0092792083, -0.014296533;
 0.012498591, -0.0092278505, 0.9998793, -0.092041127;
 0, 0, 0, 1]
[0.99991465, 0.0043175854, -0.012322034, -0.063310206;
 -0.0042052055, 0.9999494, 0.0091262897, -0.0097892201;
 0.012360821, -0.0090736663, 0.99988234, -0.0909684;
 0, 0, 0, 1]
[0.99997252, 0.0025287881, -0.0069683995, -0.035939414;
 -0.0024931505, 0.99998403, 0.0051307776, -0.0034760244;
 0.0069812443, -0.0051133172, 0.99996257, -0.051479187;
 0, 0, 0, 1]
[0.99999529, 0.00066228624, -0.0030493566, -0.015274711;
 -0.00065479591, 0.9999969, 0.002398401, -0.012350976;
 0.0030507604, -0.002396343, 0.99999285, -0.022580875;
 0, 0, 0, 1]
[0.99998409, 0.0011803169, -0.0055371332, -0.027693981;
 -0.0011561328, 0.99999022, 0.0043481565, -0.022567637;
 0.0055421661, -0.0043415776, 0.99997526, -0.041011747;
 0, 0, 0, 1]
[0.99996865, 0.0021952514, -0.0075846398, -0.038518973;
 -0.0021516166, 0.99998128, 0.0057610213, -0.016999103;
 0.0075972318, -0.0057444992, 0.99995458, -0.056056056;
 0, 0, 0, 1]
[0.99995303, 0.0029924517, -0.0091974381, -0.047038514;
 -0.0029292747, 0.99997216, 0.0068796352, -0.012713262;
 0.009217578, -0.0068522985, 0.99993402, -0.067957737;
 0, 0, 0, 1]
[0.9999392, 0.0035878306, -0.010406795, -0.053426236;
 -0.0035075524, 0.99996424, 0.0077204178, -0.0095775556;
 0.010433977, -0.0076834457, 0.99991602, -0.076838724;
 0, 0, 0, 1]
[0.99992901, 0.004007888, -0.011266305, -0.057960734;
 -0.0039142626, 0.9999581, 0.008319065, -0.0074146013;
 0.011298813, -0.0082743084, 0.99990255, -0.083187073;
 0, 0, 0, 1]
[0.99992281, 0.0037321213, -0.011850606, -0.060435943;
 -0.0036267729, 0.99995369, 0.0088983281, -0.019176237;
 0.011883253, -0.0088545959, 0.99989027, -0.087521344;
 0, 0, 0, 1]
[0.99991775, 0.0040436569, -0.012189739, -0.062379256;
 -0.0039329235, 0.99995089, 0.0090891635, -0.014853219;
 0.012225608, -0.0090404209, 0.99988478, -0.089994118;
 0, 0, 0, 1]
[0.99991643, 0.0036961702, -0.012371806, -0.062866211;
 -0.0035807523, 0.99994999, 0.0093480535, -0.024653167;
 0.012405406, -0.0093029561, 0.9998799, -0.091337584;
 0, 0, 0, 1]
[0.99991703, 0.0034144172, -0.012429206, -0.062832572;
 -0.0032966721, 0.99994957, 0.0094816266, -0.031787593;
 0.012460914, -0.00943984, 0.99987799, -0.091795959;
 0, 0, 0, 1]
[0.99991637, 0.0037465773, -0.012388445, -0.063000277;
 -0.00363089, 0.99994963, 0.00934528, -0.023547852;
 0.012422856, -0.0092994971, 0.9998799, -0.09149123;
 0, 0, 0, 1]
[0.99991632, 0.0039870059, -0.012300238, -0.062849469;
 -0.0038739527, 0.99995005, 0.0091961408, -0.017052377;
 0.012336373, -0.0091476943, 0.99988222, -0.090820178;
 0, 0, 0, 1]
[0.99991715, 0.0041502868, -0.012189388, -0.062505677;
 -0.0040401062, 0.99995065, 0.0090515232, -0.012177476;
 0.012226488, -0.0090015149, 0.99988502, -0.09002693;
 0, 0, 0, 1]
[0.99992007, 0.0037008622, -0.01208946, -0.061540518;
 -0.0035908958, 0.99995208, 0.0091017038, -0.021846779;
 0.012122544, -0.0090574604, 0.99988568, -0.089325137;
 0, 0, 0, 1]
[0.99992228, 0.0033541778, -0.011990751, -0.06069364;
 -0.0032448717, 0.99995303, 0.0091234893, -0.029118545;
 0.01202068, -0.0090838112, 0.99988639, -0.088623293;
 0, 0, 0, 1]
[0.99997723, 0.0012355421, -0.006681466, -0.033217393;
 -0.0012001464, 0.99998593, 0.0052849664, -0.031035425;
 0.0066879885, -0.0052767755, 0.99996376, -0.0495607;
 0, 0, 0, 1]
[0.99996555, 0.0021118794, -0.0080044912, -0.040439542;
 -0.0020628669, 0.99997914, 0.0061297142, -0.022248272;
 0.0080170073, -0.0061128996, 0.99994928, -0.059265301;
 0, 0, 0, 1]
[0.99995589, 0.0022770537, -0.0091381744, -0.046005189;
 -0.0022127004, 0.99997294, 0.0070403675, -0.028644567;
 0.009154072, -0.007019775, 0.99993384, -0.067627124;
 0, 0, 0, 1]
[0.99998772, 0.0011234658, -0.0048285145, -0.024270033;
 -0.0011052475, 0.99999231, 0.0037463694, -0.016907694;
 0.0048326151, -0.0037408874, 0.99998164, -0.035797194;
 0, 0, 0, 1]
[0.99997455, 0.0016092797, -0.0069453167, -0.034866303;
 -0.001571821, 0.9999842, 0.0053898529, -0.024559978;
 0.0069539212, -0.0053787762, 0.99996126, -0.051452722;
 0, 0, 0, 1]
[0.99996042, 0.0020203162, -0.0086562876, -0.043437928;
 -0.0019622536, 0.99997556, 0.0067116078, -0.030350689;
 0.0086693428, -0.0066942465, 0.99994028, -0.064086996;
 0, 0, 0, 1]
[0.99994653, 0.0029008344, -0.0099605415, -0.050579995;
 -0.0028256672, 0.99996775, 0.0075431205, -0.021370893;
 0.0099819712, -0.0075145424, 0.99992234, -0.073638976;
 0, 0, 0, 1]
[0.9999342, 0.003556109, -0.01091502, -0.055816628;
 -0.0034672108, 0.99996066, 0.0081515973, -0.014580733;
 0.010943398, -0.0081131635, 0.99990749, -0.080657989;
 0, 0, 0, 1]
[0.99992502, 0.004016554, -0.011573222, -0.059434872;
 -0.0039174035, 0.99995512, 0.0085694212, -0.0097150877;
 0.011607319, -0.0085233981, 0.99989635, -0.085510269;
 0, 0, 0, 1]
[0.99997026, 0.0014965602, -0.0075704316, -0.05294086;
 -0.0014754562, 0.99999493, 0.0028020407, -0.00380508;
 0.0075747585, -0.0027908019, 0.99996716, -0.081617251;
 0, 0, 0, 1]
[0.9999578, 0.0018795377, -0.009014314, -0.056063805;
 -0.001836604, 0.99998719, 0.0047623999, -0.015697069;
 0.0090231095, -0.0047456203, 0.99994826, -0.085382797;
 0, 0, 0, 1]
[0.99994504, 0.0027547225, -0.01012369, -0.058772817;
 -0.0026924906, 0.99997765, 0.0061516464, -0.011719189;
 0.010140584, -0.0061239977, 0.99992979, -0.087644488;
 0, 0, 0, 1]
[0.99993616, 0.0028676623, -0.010954036, -0.060037207;
 -0.0027867723, 0.99996901, 0.007402854, -0.021984996;
 0.01097492, -0.0073718368, 0.99991262, -0.089050218;
 0, 0, 0, 1]
[0.99997878, 0.0016305631, -0.0063075908, -0.034507722;
 -0.0016034836, 0.99998945, 0.0042893402, -0.013200978;
 0.0063146506, -0.0042790808, 0.99997073, -0.051136419;
 0, 0, 0, 1]
[0.99996531, 0.0020268853, -0.0080956398, -0.041862607;
 -0.0019783108, 0.99998021, 0.0060091275, -0.023022976;
 0.0081076948, -0.0059929187, 0.99994928, -0.061716728;
 0, 0, 0, 1]
[0.99995083, 0.0028983708, -0.0094949799, -0.048365597;
 -0.0028305729, 0.99997032, 0.0071473662, -0.017167067;
 0.0095154895, -0.0071200738, 0.99992967, -0.070190504;
 0, 0, 0, 1]
[0.99998122, 0.00018955723, -0.0061320956, -0.044086523;
 -0.00017633766, 0.99999774, 0.0021441875, -0.023181114;
 0.0061325999, -0.0021430049, 0.9999789, -0.069959685;
 0, 0, 0, 1]
[0.99996692, 0.00099786348, -0.0080881054, -0.049698345;
 -0.00096161838, 0.99998957, 0.0044750613, -0.030252425;
 0.0080922684, -0.0044671278, 0.99995762, -0.076846443;
 0, 0, 0, 1]
[0.9999904, -0.00018451764, -0.0043898202, -0.027260011;
 0.00019537026, 0.99999702, 0.0024746233, -0.031901151;
 0.0043892753, -0.0024754712, 0.99998736, -0.043428905;
 0, 0, 0, 1]
[0.99997562, 0.0013771337, -0.0069116983, -0.038068138;
 -0.001344653, 0.99998844, 0.0046903887, -0.022900958;
 0.0069179363, -0.0046809446, 0.99996543, -0.057249397;
 0, 0, 0, 1]
[0.99999332, 0.00018763031, -0.003674583, -0.01934411;
 -0.0001775713, 0.9999963, 0.0027534191, -0.025821513;
 0.0036752035, -0.0027528366, 0.99998927, -0.029944351;
 0, 0, 0, 1]
[0.99997312, 0.00076714659, -0.0073286756, -0.051156245;
 -0.00074655702, 0.99999565, 0.0028090046, -0.018729841;
 0.0073307958, -0.0028033915, 0.99996918, -0.080118582;
 0, 0, 0, 1]
[0.99995458, 0.0021840588, -0.0093296487, -0.057095997;
 -0.0021365569, 0.99998528, 0.0050979229, -0.012848753;
 0.0093405964, -0.0050777504, 0.99994397, -0.086354792;
 0, 0, 0, 1]
[0.99998409, 0.00083235442, -0.0055712671, -0.033843163;
 -0.00081474794, 0.99999458, 0.0031622753, -0.018510483;
 0.0055740243, -0.0031576743, 0.9999792, -0.05192101;
 0, 0, 0, 1]
[0.9999668, 0.0016646864, -0.0079678874, -0.043087456;
 -0.0016203605, 0.99998355, 0.0055576395, -0.026243003;
 0.0079768617, -0.005544526, 0.99995267, -0.064544588;
 0, 0, 0, 1]
[0.99994868, 0.0028425897, -0.0097617796, -0.050696969;
 -0.0027727354, 0.99997056, 0.0071618436, -0.018803867;
 0.0097820153, -0.0071343686, 0.99992669, -0.074078828;
 0, 0, 0, 1]
[0.99993205, 0.0036914328, -0.011040352, -0.056227785;
 -0.0035999797, 0.99995881, 0.0082870647, -0.013189724;
 0.011070598, -0.0082466733, 0.99990475, -0.081019863;
 0, 0, 0, 1]
[0.99992049, 0.0042640218, -0.011892764, -0.060003765;
 -0.0041567911, 0.99995095, 0.0090213222, -0.009173844;
 0.011930347, -0.0089711351, 0.99988908, -0.085767992;
 0, 0, 0, 1]
[0.99991298, 0.0046157585, -0.012407597, -0.062367953;
 -0.0044986266, 0.99994582, 0.00944921, -0.0064895838;
 0.012450489, -0.0093925437, 0.99987888, -0.088751338;
 0, 0, 0, 1]
[0.99991071, 0.0042479848, -0.012685345, -0.063122794;
 -0.0041233087, 0.99994308, 0.0098298918, -0.017987246;
 0.012726472, -0.0097766509, 0.99987131, -0.090549022;
 0, 0, 0, 1]
[0.99990886, 0.0044604088, -0.012762649, -0.063766599;
 -0.0043351403, 0.99994266, 0.009820262, -0.013595781;
 0.012805705, -0.0097639747, 0.99987054, -0.09119042;
 0, 0, 0, 1]
[0.99990851, 0.0045683677, -0.012719173, -0.063852377;
 -0.0044449125, 0.99994296, 0.009714325, -0.010320322;
 0.012762849, -0.0096568326, 0.99987191, -0.091132;
 0, 0, 0, 1]
[0.99991238, 0.0040505338, -0.012621069, -0.063051127;
 -0.0039277757, 0.99994516, 0.0097367577, -0.021147357;
 0.012659558, -0.0096863369, 0.99987328, -0.09089154;
 0, 0, 0, 1]
[0.99990314, 0.0035943121, -0.013436578, -0.056167889;
 -0.0034877572, 0.99996191, 0.0079404423, -0.017963365;
 0.013464624, -0.0078927483, 0.99987823, -0.053402662;
 0, 0, 0, 1]
[0.99996865, 0.0014206195, -0.0078023598, -0.03002852;
 -0.0013856903, 0.99998933, 0.0044791112, -0.023502186;
 0.0078084692, -0.0044681476, 0.99995983, -0.024268413;
 0, 0, 0, 1]
[0.99995857, 0.0022462355, -0.0088309376, -0.03851407;
 -0.0021964351, 0.99998158, 0.0056348313, -0.017504299;
 0.0088434191, -0.0056151757, 0.9999451, -0.042285014;
 0, 0, 0, 1]
[0.99994874, 0.0029184399, -0.0097015845, -0.045546968;
 -0.002854448, 0.99997419, 0.0065975543, -0.012915337;
 0.0097204214, -0.006569488, 0.9999314, -0.0570985;
 0, 0, 0, 1]
[0.99994016, 0.0034402648, -0.01040119, -0.051109914;
 -0.003363664, 0.99996763, 0.0073617813, -0.0095754722;
 0.010426318, -0.0073263571, 0.99991864, -0.068737544;
 0, 0, 0, 1]
[0.99998301, 0.0014130488, -0.0057415813, -0.027985621;
 -0.0013884548, 0.99998993, 0.0042792824, -0.017163027;
 0.0057478347, -0.0042712358, 0.99997437, -0.039149471;
 0, 0, 0, 1]
[0.99991506, 0.0036335485, -0.012545682, -0.009966284;
 -0.0035126132, 0.99994773, 0.0096444888, -0.021285521;
 0.012580155, -0.0095995544, 0.99987489, -0.019530149;
 0, 0, 0, 1]
[0.99991393, 0.0034565111, -0.012666589, -0.025391532;
 -0.0033316105, 0.99994558, 0.0098707778, -0.02913863;
 0.012700059, -0.0098276874, 0.99987125, -0.042240877;
 0, 0, 0, 1]
[0.99991268, 0.0038513734, -0.01264593, -0.038292844;
 -0.0037279676, 0.99994582, 0.0097618382, -0.021558302;
 0.012682787, -0.0097138407, 0.99987257, -0.059974775;
 0, 0, 0, 1]
[0.99991518, 0.0035721681, -0.012567381, -0.047612663;
 -0.0034493122, 0.99994701, 0.0097770141, -0.028765431;
 0.012601394, -0.0097328378, 0.99987382, -0.073342822;
 0, 0, 0, 1]
[0.9999662, 0.00089371396, -0.0081905834, -0.020857733;
 -0.00085840496, 0.99999064, 0.0043087727, -0.032654583;
 0.0081942175, -0.0043015936, 0.99995732, -0.0076612607;
 0, 0, 0, 1]
[0.99999261, 7.8417252e-05, -0.0039780601, -0.0081862956;
 -7.1725175e-05, 0.99999863, 0.001663623, -0.020135501;
 0.0039783362, -0.0016633072, 0.99999118, 0.0043232255;
 0, 0, 0, 1]
[0.99999964, -0.00043775945, -0.0010089221, 0.00042019878;
 0.00043757685, 1.0000004, -0.00013527507, -0.010608554;
 0.0010090315, 0.00013472058, 0.9999994, 0.011538545;
 0, 0, 0, 1]
[0.99999046, 0.0011029703, -0.0042541232, -0.021029875;
 -0.0010921689, 0.99999607, 0.0025632153, -0.0069706938;
 0.0042568264, -0.0025585738, 0.99998802, -0.023214879;
 0, 0, 0, 1]
[0.99997401, 0.0023225374, -0.0068878434, -0.037627958;
 -0.002289878, 0.99998623, 0.0047481926, -0.0047158962;
 0.0068988302, -0.0047323816, 0.99996525, -0.050102521;
 0, 0, 0, 1]
[0.99995518, 0.0032403895, -0.0089252684, -0.049849261;
 -0.0031829358, 0.99997437, 0.0064335549, -0.003505849;
 0.0089459084, -0.0064048069, 0.99993962, -0.069943592;
 0, 0, 0, 1]
[0.99994022, 0.0033421903, -0.01043979, -0.057814423;
 -0.0032602279, 0.99996412, 0.007851229, -0.016185932;
 0.010465614, -0.0078166854, 0.99991482, -0.083894953;
 0, 0, 0, 1]
[0.99997932, 0.001508757, -0.0062773153, -0.03613694;
 -0.0014773723, 0.99998647, 0.0049930476, -0.02253326;
 0.0062846937, -0.0049835909, 0.99996793, -0.054446634;
 0, 0, 0, 1]
[0.99999487, 0.0006902701, -0.0031440943, -0.020020885;
 -0.00068190868, 0.99999654, 0.0026444669, -0.013945157;
 0.003145786, -0.002642307, 0.99999189, -0.031374238;
 0, 0, 0, 1]
[0.99997938, 0.0019646881, -0.0061215819, -0.035017811;
 -0.0019353885, 0.99998689, 0.0047809966, -0.01069188;
 0.0061307726, -0.0047690454, 0.99996984, -0.052769292;
 0, 0, 0, 1]
[0.99996006, 0.0029460248, -0.0084385723, -0.046447039;
 -0.0028918022, 0.9999752, 0.0064356457, -0.0083706444;
 0.0084572276, -0.0064109676, 0.99994385, -0.068883918;
 0, 0, 0, 1]
[0.99994344, 0.0031122272, -0.010167225, -0.054193005;
 -0.0030325223, 0.99996477, 0.0078356732, -0.019952726;
 0.010191194, -0.0078043602, 0.99991739, -0.080542065;
 0, 0, 0, 1]
[0.99992865, 0.0037518991, -0.011363308, -0.059955511;
 -0.003653992, 0.99995631, 0.0086265486, -0.015454789;
 0.011395155, -0.0085843643, 0.99989855, -0.088232085;
 0, 0, 0, 1]
[0.99991763, 0.0041870698, -0.012137715, -0.063579164;
 -0.0040764874, 0.99994993, 0.0091218613, -0.011967426;
 0.012175259, -0.0090715261, 0.99988484, -0.09283942;
 0, 0, 0, 1]
[0.99991256, 0.0039066621, -0.01259954, -0.065036297;
 -0.0037861564, 0.99994648, 0.0095713763, -0.022529345;
 0.01263613, -0.0095227966, 0.99987477, -0.095340878;
 0, 0, 0, 1]
[0.99991149, 0.0036505205, -0.012815446, -0.065443248;
 -0.0035248934, 0.99994588, 0.0098086847, -0.030310282;
 0.012850363, -0.0097625619, 0.99987, -0.096224904;
 0, 0, 0, 1]
[0.99990952, 0.0039798976, -0.012843806, -0.065677419;
 -0.0038552657, 0.99994552, 0.0097101098, -0.022588069;
 0.012881584, -0.0096596973, 0.99987036, -0.095796704;
 0, 0, 0, 1]
[0.99991006, 0.0041999593, -0.01276324, -0.065356791;
 -0.0040781242, 0.9999463, 0.009556503, -0.016501067;
 0.012802755, -0.0095035341, 0.99987298, -0.094697319;
 0, 0, 0, 1]
[0.99997061, 0.001913609, -0.0074191066, -0.037404124;
 -0.0018712255, 0.99998188, 0.0057147895, -0.021786097;
 0.0074298242, -0.005700693, 0.99995631, -0.055054113;
 0, 0, 0, 1]
[0.99995905, 0.0026353982, -0.0086589586, -0.043994091;
 -0.0025789323, 0.9999755, 0.0065300702, -0.015862068;
 0.0086758379, -0.006507427, 0.99994129, -0.06396503;
 0, 0, 0, 1]
[0.99994814, 0.0032112331, -0.0096768225, -0.049408246;
 -0.003141511, 0.99996924, 0.0072084903, -0.011437196;
 0.0096997181, -0.0071776076, 0.9999274, -0.071258567;
 0, 0, 0, 1]
[0.99998528, 0.0012379609, -0.005272219, -0.026344463;
 -0.0012163955, 0.99999076, 0.004085626, -0.018178828;
 0.0052772136, -0.0040790755, 0.99997771, -0.038848814;
 0, 0, 0, 1]
[0.99997067, 0.0023572044, -0.0072829435, -0.037176631;
 -0.0023190025, 0.99998373, 0.0052416637, -0.0025559943;
 0.0072952281, -0.0052246028, 0.99995959, -0.053617377;
 0, 0, 0, 1]
[0.99998933, 0.00010070688, -0.0046558375, -0.011409754;
 -9.5005758e-05, 0.99999964, 0.0012072272, -0.014006743;
 0.0046556708, -0.0012067112, 0.99998873, 0.0095765106;
 0, 0, 0, 1]
[0.99997467, 0.0014365787, -0.0070338785, -0.027154103;
 -0.0014116893, 0.99999309, 0.003536595, -0.010804147;
 0.0070390888, -0.0035265402, 0.99996912, -0.019846173;
 0, 0, 0, 1]
[0.99995863, 0.0019490346, -0.0089093391, -0.039140243;
 -0.0018992122, 0.99998242, 0.0055925483, -0.021641558;
 0.0089199748, -0.0055753491, 0.99994493, -0.043745637;
 0, 0, 0, 1]
[0.99994451, 0.002351041, -0.010311997, -0.048229385;
 -0.0022771857, 0.99997211, 0.0071602138, -0.02969336;
 0.010328525, -0.0071363365, 0.99992156, -0.062242828;
 0, 0, 0, 1]
[0.99993223, 0.0028059327, -0.01131467, -0.055058073;
 -0.0027147147, 0.9999637, 0.0080591794, -0.024431579;
 0.011336742, -0.0080278292, 0.99990356, -0.075886607;
 0, 0, 0, 1]
[0.99992412, 0.0029733679, -0.01196713, -0.059412979;
 -0.0028670302, 0.99995655, 0.0088907387, -0.031050187;
 0.011992952, -0.0088557405, 0.99988914, -0.085270941;
 0, 0, 0, 1]
[0.99991757, 0.0036242483, -0.012337278, -0.062620059;
 -0.0035103094, 0.9999513, 0.0092424583, -0.022541232;
 0.012370097, -0.0091983378, 0.99988145, -0.091050707;
 0, 0, 0, 1]
[0.99997199, 0.0016578451, -0.0073096966, -0.037129387;
 -0.0016157007, 0.99998218, 0.0057476261, -0.025817841;
 0.007318818, -0.0057356204, 0.99995726, -0.056018457;
 0, 0, 0, 1]
[0.99995869, 0.0025991863, -0.0087605128, -0.04528594;
 -0.0025397323, 0.99997407, 0.0067759599, -0.018296666;
 0.0087776855, -0.0067533739, 0.9999392, -0.067761406;
 0, 0, 0, 1]
[0.99998856, 0.00090932671, -0.004701708, -0.024293536;
 -0.00089083612, 0.99999231, 0.00391518, -0.022531878;
 0.004704955, -0.0039108829, 0.99998158, -0.038363472;
 0, 0, 0, 1]
[0.99997461, 0.0015247199, -0.0069767726, -0.035777822;
 -0.0014851536, 0.99998289, 0.0056615365, -0.029023523;
 0.0069852257, -0.005650986, 0.99995953, -0.055145379;
 0, 0, 0, 1]
[0.99995381, 0.0010690833, -0.0095737139, -0.062745355;
 -0.0010227186, 0.99998754, 0.0048499759, -0.034413323;
 0.0095788585, -0.0048399158, 0.9999423, -0.099778816;
 0, 0, 0, 1]
[0.99994111, 0.0017132297, -0.010730365, -0.064679846;
 -0.0016438927, 0.99997813, 0.0064598536, -0.037452616;
 0.010741196, -0.0064418507, 0.9999218, -0.10093434;
 0, 0, 0, 1]
[0.99998021, 0.00090817065, -0.0063039986, -0.039274991;
 -0.00088510796, 0.99999321, 0.0036504453, -0.022834424;
 0.0063073034, -0.0036447556, 0.99997371, -0.061851807;
 0, 0, 0, 1]
[0.99996382, 0.0021790939, -0.0082229003, -0.046795428;
 -0.0021344312, 0.99998283, 0.0054241819, -0.015106459;
 0.0082347682, -0.0054063881, 0.99995136, -0.07069017;
 0, 0, 0, 1]
[0.99998909, 0.0012844283, -0.0044945111, -0.025843933;
 -0.0012713113, 0.99999481, 0.0029556563, -0.006316124;
 0.0044982582, -0.0029498893, 0.9999854, -0.03907441;
 0, 0, 0, 1]
[0.99999839, 0.00062141393, -0.0017877853, -0.010545616;
 -0.00061934238, 0.9999994, 0.0011620066, -0.00026869989;
 0.0017884204, -0.001160957, 0.99999756, -0.015992787;
 0, 0, 0, 1]
[0.99998611, 0.0014457236, -0.0051444084, -0.026277687;
 -0.0014253041, 0.99999148, 0.0039575277, -0.012841238;
 0.0051497724, -0.0039500878, 0.9999795, -0.038724776;
 0, 0, 0, 1]
[0.99996811, 0.0020869148, -0.0077837091, -0.038789485;
 -0.0020391955, 0.99997956, 0.0061223437, -0.022666696;
 0.0077962955, -0.0061062714, 0.99995142, -0.056876175;
 0, 0, 0, 1]
[0.99998939, 0.0012509779, -0.0045377049, -0.022005206;
 -0.0012340974, 0.99999243, 0.0036921832, -0.013573342;
 0.0045421473, -0.0036865138, 0.99998313, -0.032006267;
 0, 0, 0, 1]
[0.99999845, 7.9939724e-05, -0.0021371013, -0.0091280825;
 -7.5440897e-05, 0.99999809, 0.0020560548, -0.019883012;
 0.0021372745, -0.0020558788, 0.99999613, -0.014004136;
 0, 0, 0, 1]
[0.99998409, 0.0010789869, -0.005661021, -0.026971016;
 -0.0010522734, 0.99998856, 0.0047187232, -0.027883593;
 0.0056662154, -0.0047126533, 0.99997336, -0.039938945;
 0, 0, 0, 1]
[0.99996275, 0.0020158109, -0.0083732279, -0.041024864;
 -0.0019613258, 0.99997652, 0.0065053212, -0.02272737;
 0.0083862869, -0.0064885607, 0.99994379, -0.060090054;
 0, 0, 0, 1]
[0.99994349, 0.0025518117, -0.01034005, -0.051055826;
 -0.0024689212, 0.99996495, 0.0080220783, -0.029543443;
 0.010359888, -0.00799606, 0.99991471, -0.074791595;
 0, 0, 0, 1]
[0.99992734, 0.0029203619, -0.011685684, -0.057981662;
 -0.0028145518, 0.99995464, 0.0090578534, -0.034406133;
 0.011711736, -0.0090242494, 0.99989045, -0.085001118;
 0, 0, 0, 1]
[0.99991608, 0.0031527148, -0.012533619, -0.062407054;
 -0.0030311113, 0.99994779, 0.0097064422, -0.037646607;
 0.01256357, -0.0096675763, 0.99987417, -0.091486819;
 0, 0, 0, 1]
[0.99990982, 0.0032798313, -0.012997301, -0.064890333;
 -0.0031492736, 0.99994451, 0.0100562, -0.039613623;
 0.013029526, -0.010014303, 0.99986494, -0.09516681;
 0, 0, 0, 1]
[0.99990755, 0.0033303332, -0.013183779, -0.065958664;
 -0.0031960853, 0.99994332, 0.010190927, -0.040613357;
 0.013216856, -0.010147813, 0.99986136, -0.096744195;
 0, 0, 0, 1]
[0.99996763, 0.0014588523, -0.0079546934, -0.039266825;
 -0.001408388, 0.99997932, 0.0063356706, -0.037660554;
 0.0079637161, -0.006324199, 0.99994856, -0.058469906;
 0, 0, 0, 1]
[0.99995524, 0.0024776256, -0.0092299739, -0.046506982;
 -0.0024122049, 0.9999724, 0.0070889471, -0.025263947;
 0.0092469985, -0.0070662964, 0.999933, -0.06798844;
 0, 0, 0, 1]
[0.99994421, 0.0027038334, -0.010238185, -0.051601101;
 -0.0026233138, 0.99996579, 0.0078653088, -0.029146198;
 0.010259103, -0.0078380136, 0.99991667, -0.075554848;
 0, 0, 0, 1]
[0.99992573, 0.0022753368, -0.0119559, -0.048756897;
