[0.99980015, 0.0037704296, 0.01963714, 0.03274516;
 -0.0045064711, 0.99928349, 0.037574317, 0.35969421;
 -0.019481616, -0.037655402, 0.99910122, -0.3051348;
 0, 0, 0, 1]
[0.99986953, 0.0054319687, 0.015204865, 0.10411353;
 -0.0061226082, 0.99893355, 0.045755327, 0.46717614;
 -0.01494009, -0.04584251, 0.99883711, -0.079816416;
 0, 0, 0, 1]
[0.99972975, 0.0085003618, 0.021646835, 0.2403907;
 -0.0097205983, 0.9983328, 0.056904607, 0.6190235;
 -0.021126963, -0.057099611, 0.99814504, 0.252101;
 0, 0, 0, 1]
[0.99973965, 0.0098950509, 0.02056233, 0.25525379;
 -0.01105987, 0.99829376, 0.057332087, 0.69409341;
 -0.019960016, -0.057544637, 0.99814349, 0.32057273;
 0, 0, 0, 1]
[0.99991524, 0.0069042211, 0.011050609, 0.20137997;
 -0.0074388017, 0.99876618, 0.049097862, 0.6893217;
 -0.010697535, -0.049175732, 0.99873257, 0.27010041;
 0, 0, 0, 1]
[0.99989963, 0.0079475353, 0.011738177, 0.18335542;
 -0.0085583255, 0.99856073, 0.052948173, 0.6538415;
 -0.011300677, -0.053043377, 0.99852866, 0.25084618;
 0, 0, 0, 1]
[0.99982357, 0.0085188588, 0.01673826, 0.12459183;
 -0.0093573658, 0.99867141, 0.050674643, 0.59380335;
 -0.016284367, -0.050822351, 0.99857485, 0.12823687;
 0, 0, 0, 1]
[0.99988949, 0.0064549041, 0.01337795, 0.11765836;
 -0.0070285397, 0.99903804, 0.043286216, 0.571913;
 -0.013085641, -0.043375406, 0.99897301, 0.074732855;
 0, 0, 0, 1]
[0.99981016, 0.0075475625, 0.017957086, 0.073362663;
 -0.0083004255, 0.99907374, 0.042222932, 0.49824011;
 -0.017622028, -0.042364169, 0.99894696, -0.014763607;
 0, 0, 0, 1]
[0.99966419, 0.0086919097, 0.024404582, 0.1594426;
 -0.0097886808, 0.99893028, 0.045187782, 0.46947685;
 -0.023985976, -0.045411497, 0.99868053, 0.063128814;
 0, 0, 0, 1]
[0.99965554, 0.0069071255, 0.025307819, 0.13928774;
 -0.0079611326, 0.99909472, 0.041783422, 0.44720197;
 -0.024996184, -0.041970577, 0.99880552, 0.012345588;
 0, 0, 0, 1]
[0.99975741, 0.0063802409, 0.02106603, 0.02527261;
 -0.0071984725, 0.99921364, 0.038986303, 0.44564164;
 -0.020800587, -0.039128542, 0.9990176, 0.015636999;
 0, 0, 0, 1]
[0.99970013, 0.0067676399, 0.023530956, -0.024410671;
 -0.0077768723, 0.99904156, 0.043070097, 0.42373008;
 -0.023216844, -0.04324032, 0.99879497, -0.0878518;
 0, 0, 0, 1]
[0.99979931, 0.0028429055, 0.019822912, -0.20726483;
 -0.0035569507, 0.99934232, 0.036083169, 0.39571035;
 -0.019707235, -0.036146522, 0.99915206, -0.13120262;
 0, 0, 0, 1]
[0.99991369, 0.0033229785, 0.01273609, -0.32785019;
 -0.0038015151, 0.99927998, 0.037746903, 0.34180337;
 -0.012601333, -0.037792034, 0.99920654, -0.28229684;
 0, 0, 0, 1]
[0.99996656, 0.0054944311, 0.0060685924, -0.37746382;
 -0.0057337014, 0.99917877, 0.040108934, 0.32779375;
 -0.0058431025, -0.040142391, 0.99917668, -0.27272657;
 0, 0, 0, 1]
[0.99989164, 0.0043529575, 0.014072323, -0.52619147;
 -0.0049140058, 0.99918443, 0.040077351, 0.28376746;
 -0.013886237, -0.040142275, 0.99909765, -0.31270736;
 0, 0, 0, 1]
[0.99988401, 0.00079250621, 0.015203265, -0.63864547;
 -0.0012960272, 0.99944985, 0.03313943, 0.26726344;
 -0.015168765, -0.033155441, 0.99933523, -0.28676996;
 0, 0, 0, 1]
[0.9998098, -0.0025334002, 0.019335901, -0.72189319;
 0.0020234387, 0.99965072, 0.026355853, 0.25373536;
 -0.019396262, -0.026311951, 0.99946582, -0.20247689;
 0, 0, 0, 1]
[0.99980587, -0.0022885092, 0.01956407, -0.71533966;
 0.0018054933, 0.99969381, 0.024664652, 0.28331384;
 -0.019614236, -0.024624437, 0.99950397, -0.1323474;
 0, 0, 0, 1]
[0.99989307, 0.00043869184, 0.014607874, -0.68930167;
 -0.00086874579, 0.99956542, 0.029455353, 0.28500232;
 -0.014588454, -0.02946496, 0.99945927, -0.12228967;
 0, 0, 0, 1]
[0.99972385, 0.0011762551, 0.0234739, -0.68133211;
 -0.0019811585, 0.99940974, 0.034292247, 0.3093062;
 -0.023419971, -0.034329325, 0.99913627, -0.17417131;
 0, 0, 0, 1]
[0.99976397, 0.001191534, 0.0216786, -0.6263268;
 -0.0019673377, 0.99935704, 0.035794258, 0.3203513;
 -0.021622345, -0.035828531, 0.99912417, -0.044057313;
 0, 0, 0, 1]
[0.99963254, -0.00082444184, 0.027090875, -0.69662416;
 -0.00012009274, 0.99939263, 0.034842208, 0.30117944;
 -0.027103251, -0.03483279, 0.9990257, -0.21301197;
 0, 0, 0, 1]
[0.99968076, -0.0014967562, 0.025206452, -0.6597206;
 0.00067506207, 0.99946928, 0.032567967, 0.33442602;
 -0.025241764, -0.032540482, 0.99915135, -0.27387145;
 0, 0, 0, 1]
[0.99953723, 0.00076789089, 0.030415064, -0.61543888;
 -0.0018304044, 0.99938881, 0.034913842, 0.34633994;
 -0.030369688, -0.034953225, 0.99892747, -0.21394749;
 0, 0, 0, 1]
[0.99988049, 0.0061331517, 0.014181783, -0.599617;
 -0.0067373603, 0.9990533, 0.042970244, 0.33848831;
 -0.013905041, -0.043060683, 0.99897593, -0.17816488;
 0, 0, 0, 1]
[0.99988651, 0.0024951186, 0.014847216, -0.47707808;
 -0.0029639706, 0.99949414, 0.031655405, 0.36325705;
 -0.014760667, -0.031695861, 0.99938852, -0.097890697;
 0, 0, 0, 1]
[0.99987489, 0.0054398351, 0.014865958, -0.40205249;
 -0.0060167247, 0.99922001, 0.039031297, 0.32886791;
 -0.014642029, -0.039115898, 0.99912751, -0.15680838;
 0, 0, 0, 1]
[0.9997555, 0.0039787763, 0.02175599, -0.24444525;
 -0.0048427088, 0.99919504, 0.03981233, 0.32261679;
 -0.02157999, -0.039907992, 0.99897045, -0.038593594;
 0, 0, 0, 1]
[0.99990714, 0.0049377345, 0.012697116, -0.10672847;
 -0.0054178829, 0.99926084, 0.038060147, 0.31693134;
 -0.012499855, -0.038125321, 0.99919492, 0.14570971;
 0, 0, 0, 1]
[0.99983704, 0.0056438427, 0.017160811, -0.077955335;
 -0.0063536507, 0.99911433, 0.041597888, 0.34711966;
 -0.016910825, -0.04170002, 0.99898702, 0.09055531;
 0, 0, 0, 1]
[0.99982202, 0.010518748, 0.01566796, 0.017898504;
 -0.011327518, 0.99855977, 0.052447591, 0.36946511;
 -0.015094019, -0.052615765, 0.99850082, 0.16891153;
 0, 0, 0, 1]
[0.99989963, 0.0087374905, 0.011143858, 0.13346715;
 -0.0092994403, 0.99863386, 0.051415496, 0.39354819;
 -0.010679373, -0.051514126, 0.99861532, 0.31786489;
 0, 0, 0, 1]
[0.99986458, 0.0080986032, 0.014316378, 0.13958111;
 -0.0087865917, 0.9987759, 0.048673648, 0.43527704;
 -0.013904785, -0.048792787, 0.99871212, 0.39289162;
 0, 0, 0, 1]
[0.99979377, 0.0078096297, 0.01873631, 0.091107659;
 -0.0087259244, 0.99874377, 0.04933849, 0.49518999;
 -0.018327514, -0.049491912, 0.99860632, 0.348205;
 0, 0, 0, 1]
[0.99989218, 0.0076518836, 0.012532847, 0.008633703;
 -0.0081690736, 0.9990949, 0.04174703, 0.47699553;
 -0.01220231, -0.041845061, 0.99904972, 0.32190818;
 0, 0, 0, 1]
[0.99991548, 0.0037353304, 0.012429066, -0.066663153;
 -0.0041540656, 0.9994179, 0.03384877, 0.43737212;
 -0.012295485, -0.033897646, 0.99934983, 0.22777873;
 0, 0, 0, 1]
[0.99984294, 0.0053365189, 0.016908346, -0.046946932;
 -0.0060144756, 0.99916971, 0.040296938, 0.45082888;
 -0.016679412, -0.04039254, 0.99904478, 0.30727082;
 0, 0, 0, 1]
[0.9994784, 0.005885154, 0.031737391, -0.092900217;
 -0.0070791887, 0.99926579, 0.037640672, 0.44309235;
 -0.031492796, -0.037845697, 0.99878711, 0.18726;
 0, 0, 0, 1]
[0.99957913, 0.0080237715, 0.027871424, -0.0029951609;
 -0.0090970891, 0.99921381, 0.038593844, 0.4325738;
 -0.027540063, -0.03883123, 0.99886614, 0.30276003;
 0, 0, 0, 1]
[0.99960852, 0.0092993528, 0.026395526, -0.034698896;
 -0.010318405, 0.99919641, 0.038734913, 0.44284764;
 -0.026014386, -0.038992137, 0.99890107, 0.32130644;
 0, 0, 0, 1]
[0.99964148, 0.0085173268, 0.025374407, 0.0063136662;
 -0.0094783828, 0.99923283, 0.03799868, 0.43458647;
 -0.025031622, -0.038225576, 0.99895567, 0.3436121;
 0, 0, 0, 1]
[0.9996143, 0.0076850839, 0.026686674, 0.017311677;
 -0.0087154582, 0.99921227, 0.038714793, 0.44413361;
 -0.026368443, -0.038932607, 0.99889404, 0.35243419;
 0, 0, 0, 1]
[0.99980664, 0.0034215783, 0.019371308, -0.034206085;
 -0.0040529743, 0.99945855, 0.032655988, 0.42425841;
 -0.01924878, -0.032728091, 0.99927878, 0.34938627;
 0, 0, 0, 1]
[0.99991947, 0.0028896043, 0.012365906, 0.0097789178;
 -0.0032606202, 0.99954194, 0.03009518, 0.4169884;
 -0.012273447, -0.030133048, 0.99947089, 0.40104544;
 0, 0, 0, 1]
[0.99988669, 0.0033081037, 0.01469438, -0.075511009;
 -0.0038151632, 0.99939382, 0.034612868, 0.43076625;
 -0.014571102, -0.034664944, 0.99929267, 0.12634763;
 0, 0, 0, 1]
[0.99985403, 0.0043778019, 0.016480811, 0.080122285;
 -0.0049865637, 0.99929994, 0.037069406, 0.4310661;
 -0.016307361, -0.037146259, 0.99917668, 0.42980912;
 0, 0, 0, 1]
[0.99987757, 0.0069832215, 0.013999764, 0.15662487;
 -0.0076061306, 0.99896044, 0.044949751, 0.44834784;
 -0.013671424, -0.045050755, 0.99889094, 0.60248464;
 0, 0, 0, 1]
[0.99988049, 0.005973991, 0.014243567, 0.18553518;
 -0.0066050626, 0.99897939, 0.04468254, 0.47746202;
 -0.013962164, -0.04477134, 0.99889958, 0.67685378;
 0, 0, 0, 1]
[0.99983329, 0.0036281995, 0.017890166, 0.079757713;
 -0.0043619857, 0.99914271, 0.041153759, 0.44124147;
 -0.017725596, -0.041225128, 0.99899274, 0.54743856;
 0, 0, 0, 1]
[0.99979639, 0.00605541, 0.019275129, -0.082680613;
 -0.0069839335, 0.99879944, 0.048486516, 0.44324803;
 -0.018958192, -0.048611224, 0.99863791, 0.36745712;
 0, 0, 0, 1]
[0.99976027, 0.0067395456, 0.020816565, -0.12059377;
 -0.0076055513, 0.99909627, 0.041809451, 0.42367068;
 -0.020516086, -0.041957863, 0.99890858, 0.31028378;
 0, 0, 0, 1]
[0.99977738, 0.0076649669, 0.019660782, -0.16270989;
 -0.0084891571, 0.99907351, 0.042181857, 0.41016647;
 -0.019319238, -0.042339496, 0.99891675, 0.35512233;
 0, 0, 0, 1]
[0.99979699, 0.0057885991, 0.019301116, -0.26061052;
 -0.0065471875, 0.99919909, 0.039477073, 0.40305984;
 -0.019057225, -0.039595511, 0.99903435, 0.29893282;
 0, 0, 0, 1]
[0.99979734, 0.007854268, 0.018530531, -0.24870238;
 -0.0086334664, 0.99906611, 0.042339589, 0.37180042;
 -0.018181061, -0.042491078, 0.99893135, 0.26871982;
 0, 0, 0, 1]
[0.99978852, 0.0099876039, 0.017987631, -0.26522046;
 -0.010805755, 0.99888432, 0.045975927, 0.35395086;
 -0.017508741, -0.046160538, 0.99878109, 0.20679347;
 0, 0, 0, 1]
[0.99979568, 0.0091178464, 0.018032322, -0.24089965;
 -0.0099734105, 0.99880022, 0.047940549, 0.37606919;
 -0.0175735, -0.048110615, 0.99868727, 0.20811567;
 0, 0, 0, 1]
[0.99979407, 0.0082857339, 0.018531326, -0.2373744;
 -0.0091946451, 0.99873137, 0.049508855, 0.3598308;
 -0.018097812, -0.049669087, 0.99860179, 0.18702953;
 0, 0, 0, 1]
[0.99980402, 0.006483756, 0.018687541, -0.21051632;
 -0.0074089593, 0.9987278, 0.049877938, 0.33786651;
 -0.018340537, -0.05000674, 0.99858075, 0.20298859;
 0, 0, 0, 1]
[0.99966955, -0.00065480272, 0.025701728, -0.17298156;
 -0.00021444866, 0.99942839, 0.033802867, 0.3343488;
 -0.025709307, -0.033797365, 0.99909806, 0.22343624;
 0, 0, 0, 1]
[0.99950832, 0.0021816145, 0.031288784, -0.12217079;
 -0.0035204394, 0.9990775, 0.042797506, 0.32081401;
 -0.031166513, -0.042886637, 0.99859393, 0.28646716;
 0, 0, 0, 1]
[0.99929875, 0.0014012735, 0.037418403, -0.11792716;
 -0.0029112443, 0.99918205, 0.040329695, 0.3470549;
 -0.037331183, -0.040410299, 0.99848568, 0.19629318;
 0, 0, 0, 1]
[0.99927622, 0.0037887266, 0.037850384, -0.065817565;
 -0.005483198, 0.99898231, 0.044767939, 0.38269609;
 -0.037642378, -0.04494318, 0.99828029, 0.32576153;
 0, 0, 0, 1]
[0.99955547, 0.0041446271, 0.029512804, 0.0086341696;
 -0.0053444081, 0.99915725, 0.040691584, 0.40511584;
 -0.029319398, -0.040831152, 0.99873567, 0.37978223;
 0, 0, 0, 1]
[0.99944818, 0.0081652906, 0.032188535, 0.0042235581;
 -0.0096935332, 0.99881881, 0.047607772, 0.44042614;
 -0.031761922, -0.04789342, 0.99834681, 0.39727151;
 0, 0, 0, 1]
[0.99960405, 0.0089403139, 0.026686627, 0.051023766;
 -0.010054532, 0.99907023, 0.041917257, 0.44071162;
 -0.026287092, -0.042168979, 0.99876475, 0.4271042;
 0, 0, 0, 1]
[0.99955797, 0.0099535724, 0.028014956, 0.034008872;
 -0.011218667, 0.99890721, 0.045367744, 0.44950205;
 -0.027532758, -0.045661945, 0.99857712, 0.3389698;
 0, 0, 0, 1]
[0.99939096, 0.0056037796, 0.034456473, -0.040920682;
 -0.0069114724, 0.99925584, 0.037959389, 0.44387096;
 -0.034218375, -0.038174529, 0.99868554, 0.16245608;
 0, 0, 0, 1]
[0.99971879, 6.5966145e-05, 0.023729429, 0.012719045;
 -0.00065644889, 0.99969029, 0.024884449, 0.20408365;
 -0.023720302, -0.024893006, 0.99940902, 0.093241565;
 0, 0, 0, 1]
[0.99987221, -0.002838931, 0.015737407, 0.042895462;
 0.002569335, 0.99984992, 0.017128663, -0.065913491;
 -0.015783738, -0.017086176, 0.99972951, -0.0051273485;
 0, 0, 0, 1]
[0.9999392, 6.4425993e-05, 0.011037106, 0.096812122;
 -0.00029884704, 0.99977434, 0.021245064, -0.054315794;
 -0.011033253, -0.021247121, 0.99971348, 0.12328717;
 0, 0, 0, 1]
[0.99976838, -0.0022626335, 0.021370796, 0.033105798;
 0.0018462323, 0.99980778, 0.019488916, 0.00058353005;
 -0.021410964, -0.019445058, 0.99958134, 0.063273706;
 0, 0, 0, 1]
[0.99971026, 0.0023229783, 0.023951819, 0.1099089;
 -0.0030711873, 0.99950713, 0.031246066, 0.06672585;
 -0.023867643, -0.031310588, 0.99922472, 0.17675154;
 0, 0, 0, 1]
[0.99985504, 0.0035594089, 0.016620563, 0.093885131;
 -0.0041468157, 0.99936217, 0.035448477, 0.13779736;
 -0.016483828, -0.03551228, 0.99923307, 0.093280055;
 0, 0, 0, 1]
[0.99970526, 0.0018838652, 0.024201825, 0.054557167;
 -0.0027570156, 0.99934483, 0.03608641, -0.021009011;
 -0.024117928, -0.036142491, 0.99905539, -0.10295136;
 0, 0, 0, 1]
[0.99934375, -0.0036255619, 0.036035866, -0.20455495;
 0.0026890635, 0.99965781, 0.026007559, -1.2465295;
 -0.036117584, -0.025893569, 0.99901181, -0.56953406;
 0, 0, 0, 1]
[0.99933821, -0.014674715, 0.03328437, -0.81554121;
 0.014708607, 0.9998917, -0.00077327929, -4.2924376;
 -0.03326958, 0.0012622668, 0.9994455, -1.5977576;
 0, 0, 0, 1]
[0.99907833, -0.027377293, 0.03307128, -1.7648648;
 0.02844746, 0.99907243, -0.032330107, -9.2022963;
 -0.032155354, 0.033241041, 0.9989301, -2.8933384;
 0, 0, 0, 1]
[0.9990322, -0.037651621, 0.022733729, -2.7318599;
 0.039180767, 0.99670178, -0.071062878, -14.92093;
 -0.019983273, 0.071884818, 0.99721271, -4.0801649;
 0, 0, 0, 1]
[0.99804008, -0.053592142, 0.03231775, -3.7713773;
 0.057040785, 0.99144113, -0.11743958, -22.254776;
 -0.025747469, 0.11905281, 0.99255455, -5.2200098;
 0, 0, 0, 1]
[0.99596572, -0.073345721, 0.05170206, -4.904068;
 0.081240892, 0.98167807, -0.17236321, -29.790115;
 -0.038112596, 0.17586806, 0.98367596, -6.8985662;
 0, 0, 0, 1]
[0.99347109, -0.096877083, 0.060246915, -5.7748585;
 0.10851937, 0.96540064, -0.2371183, -37.252285;
 -0.035191026, 0.24210848, 0.96961081, -9.6692858;
 0, 0, 0, 1]
[0.99010265, -0.11652663, 0.078222089, -6.8545241;
 0.13455221, 0.94661462, -0.29294455, -43.985348;
 -0.039910443, 0.30057022, 0.95292443, -13.424784;
 0, 0, 0, 1]
[0.98547244, -0.13887957, 0.097755849, -7.9785714;
 0.16455911, 0.92316866, -0.34738973, -49.193829;
 -0.041999787, 0.35842967, 0.93261123, -17.49765;
 0, 0, 0, 1]
[0.98133332, -0.15832141, 0.1091755, -9.7426109;
 0.18890864, 0.89993876, -0.39296842, -53.880482;
 -0.036035825, 0.40625694, 0.91304815, -22.965519;
 0, 0, 0, 1]
[0.97715557, -0.17226049, 0.124469, -11.449327;
 0.20944583, 0.87987572, -0.426557, -57.067802;
 -0.036038492, 0.44288224, 0.89585531, -27.477674;
 0, 0, 0, 1]
[0.9754172, -0.18155569, 0.12489495, -12.809163;
 0.2187679, 0.86593109, -0.44978184, -58.635174;
 -0.026490035, 0.46604803, 0.8843627, -30.961214;
 0, 0, 0, 1]
[0.97417003, -0.18121153, 0.1347401, -13.402369;
 0.22296481, 0.86638993, -0.44682735, -58.194004;
 -0.035767168, 0.46532831, 0.88441515, -31.922331;
 0, 0, 0, 1]
[0.97717428, -0.17146702, 0.12541559, -12.848553;
 0.20871535, 0.88493413, -0.4163284, -55.693142;
 -0.039598152, 0.43300155, 0.90052313, -29.938108;
 0, 0, 0, 1]
[0.98256117, -0.15285715, 0.10586604, -11.301619;
 0.18046755, 0.92107767, -0.34503177, -49.355309;
 -0.044770151, 0.3581205, 0.93260115, -24.669495;
 0, 0, 0, 1]
[0.9885124, -0.12603207, 0.083422005, -9.4641781;
 0.14356165, 0.9555499, -0.25751615, -39.646351;
 -0.047258668, 0.26653412, 0.96266645, -17.885057;
 0, 0, 0, 1]
[0.99363047, -0.092539832, 0.064301863, -6.8709288;
 0.10193364, 0.98138171, -0.16278543, -26.672089;
 -0.048040289, 0.16830319, 0.98456401, -11.615302;
 0, 0, 0, 1]
[0.99731714, -0.057233714, 0.045640185, -3.9792457;
 0.060872879, 0.99470603, -0.082792066, -14.616113;
 -0.040660109, 0.085348167, 0.99552113, -5.8631225;
 0, 0, 0, 1]
[0.99921519, -0.023979338, 0.031522129, -1.4186133;
 0.024335047, 0.99964345, -0.010943537, -4.3504453;
 -0.031248372, 0.011702045, 0.99944288, -0.91089869;
 0, 0, 0, 1]
[0.99976003, -0.00065542298, 0.021917628, 0.48592809;
 -0.00026316525, 0.9991228, 0.041882262, 3.4236925;
 -0.02192582, -0.041877978, 0.99888229, 2.8980856;
 0, 0, 0, 1]
[0.99975526, 0.012739155, 0.018086817, 1.6170287;
 -0.013925834, 0.99765158, 0.067065947, 8.2172241;
 -0.017189898, -0.06730137, 0.99758452, 4.8919764;
 0, 0, 0, 1]
[0.99960977, 0.025982363, 0.01026407, 2.3078055;
 -0.026782311, 0.99579734, 0.087576374, 10.700263;
 -0.0079453858, -0.087817073, 0.99610484, 5.9750972;
 0, 0, 0, 1]
[0.99948001, 0.032035787, 0.0037054576, 2.6078312;
 -0.032242935, 0.99492902, 0.095272481, 11.517619;
 -0.00063456042, -0.095342413, 0.99544472, 6.3248129;
 0, 0, 0, 1]
[0.99936426, 0.034908973, 0.0071928585, 2.6280572;
 -0.035453975, 0.99434978, 0.10005651, 11.156983;
 -0.0036596556, -0.10024796, 0.99495596, 6.2145233;
 0, 0, 0, 1]
[0.9993493, 0.034354936, 0.010992765, 2.3698897;
 -0.035256427, 0.99471366, 0.096443377, 10.056222;
 -0.0076215388, -0.096768282, 0.9952777, 5.7245693;
 0, 0, 0, 1]
[0.99961072, 0.025586288, 0.011114562, 2.0691323;
 -0.026381891, 0.99655986, 0.078566477, 8.5847244;
 -0.0090662409, -0.078829005, 0.99684697, 5.043159;
 0, 0, 0, 1]
[0.99961239, 0.024177104, 0.013827506, 1.6634604;
 -0.025143305, 0.99689788, 0.074586116, 7.0022283;
 -0.011981257, -0.074904814, 0.99711877, 4.2802367;
 0, 0, 0, 1]
[0.99959528, 0.017587764, 0.02235036, 1.2726595;
 -0.01896441, 0.99783558, 0.062958993, 5.5146842;
 -0.021194577, -0.06335739, 0.99776542, 3.4878378;
 0, 0, 0, 1]
[0.99974507, 0.015312944, 0.016585194, 0.91515476;
 -0.016226839, 0.99827272, 0.056460347, 4.15909;
 -0.015691921, -0.056715045, 0.99826711, 2.7054114;
 0, 0, 0, 1]
[0.99957442, 0.0053435932, 0.028682239, 0.69842613;
 -0.0065420298, 0.99910229, 0.041855972, 3.0000186;
 -0.028433111, -0.042026002, 0.99871224, 2.1809883;
 0, 0, 0, 1]
[0.99953043, 0.0050929287, 0.030218259, 0.45341542;
 -0.0063514775, 0.9991098, 0.041702006, 2.0759964;
 -0.029978728, -0.04187429, 0.99867308, 1.6567917;
 0, 0, 0, 1]
[0.99967128, -0.00015215573, 0.02563245, 0.31563357;
 -0.00065224239, 0.99950773, 0.031364992, 1.3534955;
 -0.025624365, -0.031371299, 0.99917901, 1.2417468;
 0, 0, 0, 1]
[0.99965072, 0.0029211014, 0.026266836, 0.2110171;
 -0.0038763629, 0.99932981, 0.03639276, 0.83298695;
 -0.02614278, -0.036481868, 0.9989925, 1.0203415;
 0, 0, 0, 1]
[0.99961269, -0.0062328517, 0.027121404, 0.1222495;
 0.0057516443, 0.99982518, 0.01779503, 0.45731765;
 -0.027227664, -0.017632181, 0.99947387, 0.82728738;
 0, 0, 0, 1]
[0.99982458, -0.0034328722, 0.018431759, 0.12558199;
 0.003076979, 0.99980873, 0.019306483, 0.2247071;
 -0.018494334, -0.019246362, 0.99964386, 0.73878896;
 0, 0, 0, 1]
[0.99993068, -0.0025509819, 0.011514921, 0.15994868;
 0.0023343056, 0.99982017, 0.018813582, 0.10187371;
 -0.011560689, -0.018785404, 0.99975681, 0.72936326;
 0, 0, 0, 1]
[0.99999201, -0.0039454019, -0.00077783351, 0.15337931;
 0.0039563668, 0.99988526, 0.014628166, 0.063665092;
 0.00071994902, -0.014631071, 0.99989295, 0.69373983;
 0, 0, 0, 1]
[0.99991661, -0.002806118, 0.012592354, 0.15869901;
 0.0025679313, 0.99981827, 0.018881556, 0.033937298;
 -0.012643039, -0.018847734, 0.99974227, 0.68870759;
 0, 0, 0, 1]
[0.99976653, -0.0045856088, 0.021116287, 0.12502147;
 0.0041253157, 0.99975413, 0.021782527, 0.046564184;
 -0.02121097, -0.021690326, 0.99953979, 0.6073314;
 0, 0, 0, 1]
[0.99973047, -0.00055944547, 0.023192514, 0.12957735;
 -0.00013039578, 0.99955779, 0.029726451, 0.074391671;
 -0.023199083, -0.029721573, 0.99928874, 0.60107481;
 0, 0, 0, 1]
[0.99956244, -0.0054670633, 0.029062629, 0.10499835;
 0.0049770437, 0.99984449, 0.016909406, 0.12232225;
 -0.029150397, -0.01675736, 0.99943441, 0.60260409;
 0, 0, 0, 1]
[0.99979526, -0.0014106671, 0.02017526, 0.10525443;
 0.0009430332, 0.99973118, 0.023167681, 0.16743009;
 -0.020202791, -0.023143923, 0.99952811, 0.63899678;
 0, 0, 0, 1]
[0.99966908, 0.0029498194, 0.025567584, 0.096383534;
 -0.0035891987, 0.99968141, 0.024994334, 0.22992302;
 -0.025485722, -0.025077837, 0.99936056, 0.67185754;
 0, 0, 0, 1]
[0.99977475, 0.0016870598, 0.021142067, 0.071423076;
 -0.002101497, 0.99980557, 0.019595761, 0.29155952;
 -0.021105109, -0.019635713, 0.9995845, 0.71213996;
 0, 0, 0, 1]
[0.99990577, 0.0012759585, 0.013703431, 0.11736538;
 -0.0015131687, 0.99984926, 0.017307952, 0.34298825;
 -0.013679137, -0.017327107, 0.9997564, 0.83041435;
 0, 0, 0, 1]
[0.99996918, 0.0015557908, 0.0076931971, 0.20025238;
 -0.0016792401, 0.99986976, 0.016059645, 0.41434541;
 -0.0076673594, -0.016072009, 0.99984139, 1.0322779;
 0, 0, 0, 1]
[0.99998796, -7.5437893e-05, 0.0048572551, 0.29214859;
 1.1511102e-05, 0.99991339, 0.013100794, 0.46751976;
 -0.0048579862, -0.013100652, 0.99990219, 1.2317921;
 0, 0, 0, 1]
[0.99998826, -6.9212765e-05, 0.0048136953, 0.40856713;
 -7.0652454e-06, 0.99987429, 0.015843606, 0.46218485;
 -0.004814202, -0.015843391, 0.99986309, 1.353116;
 0, 0, 0, 1]
[0.99998778, 0.00028459364, 0.0048959111, 0.40399957;
 -0.00037286908, 0.99983639, 0.018073825, 0.49669924;
 -0.0048900484, -0.018075485, 0.99982458, 1.3153355;
 0, 0, 0, 1]
[0.99999887, -0.00031439448, 0.0014863306, 0.40892252;
 0.0002889419, 0.999852, 0.017200742, 0.46373188;
 -0.0014914093, -0.017200289, 0.99985105, 1.4426279;
 0, 0, 0, 1]
[0.99998444, -7.2092422e-05, 0.0056608729, 0.34992698;
 -3.3578061e-05, 0.99982536, 0.018703109, 0.45848724;
 -0.0056612873, -0.018703012, 0.99980944, 1.2268925;
 0, 0, 0, 1]
[0.99988794, -0.0014507322, 0.014902372, 0.38240156;
 0.0011087831, 0.99973643, 0.022928791, 0.48390052;
 -0.01493191, -0.022909721, 0.9996264, 1.2895128;
 0, 0, 0, 1]
[0.99989802, -0.00099634181, 0.014252199, 0.49188223;
 0.00059110526, 0.99959552, 0.028430199, 0.50203371;
 -0.014274522, -0.028418902, 0.99949443, 1.4148543;
 0, 0, 0, 1]
[0.99975073, -0.0016017813, 0.022262603, 0.62331825;
 0.00096416159, 0.99958909, 0.028634982, 0.56821722;
 -0.022299306, -0.028606379, 0.99934202, 1.6636418;
 0, 0, 0, 1]
[0.99975252, -0.0016491211, 0.022170847, 0.65869313;
 0.00098647876, 0.99955338, 0.029866692, 0.62199306;
 -0.022210304, -0.029837392, 0.99930793, 1.9397624;
 0, 0, 0, 1]
[0.99975312, -0.0056839981, 0.021475865, 0.72326642;
 0.0052194856, 0.99975222, 0.02163499, 0.64683974;
 -0.021593396, -0.021517526, 0.9995352, 2.029145;
 0, 0, 0, 1]
[0.99972707, -0.0018311128, 0.023307553, 0.65016246;
 0.0012427055, 0.99968112, 0.025235539, 0.62416917;
 -0.0233461, -0.025199665, 0.99940985, 1.9605798;
 0, 0, 0, 1]
[0.99986941, -0.0018017393, 0.016037153, 0.53726703;
 0.0013934622, 0.99967563, 0.02542193, 0.64402574;
 -0.016077803, -0.025396308, 0.9995482, 1.9780033;
 0, 0, 0, 1]
[0.9997713, -0.0024566019, 0.021240972, 0.43970326;
 0.0018546211, 0.99959755, 0.028306687, 0.58466464;
 -0.021302041, -0.028260836, 0.99937361, 1.9849916;
 0, 0, 0, 1]
[0.99966413, 0.0028460068, 0.025758587, 0.38283131;
 -0.0038611172, 0.99921423, 0.039443165, 0.57391524;
 -0.025626235, -0.039529454, 0.99889004, 1.9808768;
 0, 0, 0, 1]
[0.99929124, -0.0011234382, 0.037615705, 0.29382795;
 -2.7242459e-05, 0.99953216, 0.030577688, 0.50873476;
 -0.037632655, -0.030557167, 0.99882424, 1.8322623;
 0, 0, 0, 1]
[0.99916184, -0.0039896038, 0.040747743, 0.29174033;
 0.0029475882, 0.99966818, 0.025601398, 0.49641302;
 -0.040836398, -0.025459994, 0.99884146, 1.8756068;
 0, 0, 0, 1]
[0.99942982, -0.0041746646, 0.033506144, 0.35727096;
 0.0034665756, 0.99977028, 0.021161363, 0.47965601;
 -0.033587277, -0.021033388, 0.99921483, 1.9788779;
 0, 0, 0, 1]
[0.99951482, -0.0031264059, 0.03099291, 0.32507089;
 0.0024499192, 0.9997586, 0.021835594, 0.50221568;
 -0.031053821, -0.021749087, 0.99928117, 2.0193658;
 0, 0, 0, 1]
[0.99963391, -0.0064590867, 0.026260573, 0.44493702;
 0.0061177285, 0.99989593, 0.013056039, 0.51083112;
 -0.026342483, -0.012890805, 0.99956983, 2.2218249;
 0, 0, 0, 1]
[0.99961489, -0.0061545745, 0.027067216, 0.52315551;
 0.0058462759, 0.99991739, 0.011454727, 0.50825924;
 -0.027135389, -0.01129212, 0.99956781, 2.1396444;
 0, 0, 0, 1]
[0.99971491, -0.005856744, 0.023136783, 0.55952883;
 0.0055626906, 0.99990314, 0.012756932, 0.55906641;
 -0.02320944, -0.012624616, 0.99965101, 2.1077352;
 0, 0, 0, 1]
[0.99978733, -0.0076166415, 0.019182986, 0.55956626;
 0.0074158823, 0.99991775, 0.010513181, 0.52548063;
 -0.01926139, -0.010368655, 0.99976081, 2.0684433;
 0, 0, 0, 1]
[0.99991214, -0.0038908846, 0.012672267, 0.57404482;
 0.0036899524, 0.99986762, 0.015854267, 0.51439506;
 -0.012732292, -0.015806176, 0.99979419, 2.0588131;
 0, 0, 0, 1]
[0.99979925, -0.0032210764, 0.019776413, 0.59870625;
 0.0028667797, 0.99983543, 0.017912861, 0.54148823;
 -0.019830801, -0.017852725, 0.99964362, 2.0280621;
 0, 0, 0, 1]
[0.99992281, 0.0003229971, 0.012424165, 0.56618476;
 -0.00062440312, 0.99970543, 0.024272323, 0.52280647;
 -0.012412699, -0.024278058, 0.99962819, 1.9701632;
 0, 0, 0, 1]
[0.99993461, -7.2927629e-05, 0.011458265, 0.53741711;
 -0.0001870206, 0.99974281, 0.022686107, 0.51903594;
 -0.011456802, -0.022686787, 0.99967682, 1.798689;
 0, 0, 0, 1]
[0.99982661, 0.0011211822, 0.018602423, 0.46771118;
 -0.001539131, 0.99974668, 0.022462366, 0.51601285;
 -0.018572597, -0.022487015, 0.99957466, 1.56855;
 0, 0, 0, 1]
[0.9999088, 0.0043135216, 0.012767361, 0.48909938;
 -0.0045895805, 0.99975455, 0.021662319, 0.48499566;
 -0.012670765, -0.021718945, 0.99968362, 1.556934;
 0, 0, 0, 1]
[0.99981755, 0.0059864428, 0.018125955, 0.48347002;
 -0.0065048309, 0.99956703, 0.02868454, 0.50636846;
 -0.017946335, -0.028797245, 0.99942398, 1.506153;
 0, 0, 0, 1]
[0.99984652, 0.0031900571, 0.017213847, 0.49041253;
 -0.003606752, 0.99969935, 0.024240665, 0.51095575;
 -0.017131155, -0.024299128, 0.99955785, 1.5477016;
 0, 0, 0, 1]
[0.99984056, -0.00019378198, 0.017855354, 0.44586813;
 -0.00018349383, 0.99977702, 0.021123515, 0.51156008;
 -0.017855521, -0.021123424, 0.99961746, 1.616778;
 0, 0, 0, 1]
[0.99985975, -0.0010755658, 0.016722752, 0.46376249;
 0.00078178616, 0.9998455, 0.01756116, 0.51879656;
 -0.01673878, -0.017545603, 0.99970591, 1.6465946;
 0, 0, 0, 1]
[0.99987173, -0.0028054803, 0.015771978, 0.512007;
 0.002573177, 0.99988812, 0.014738743, 0.52708966;
 -0.015811542, -0.014696277, 0.99976689, 1.8469131;
 0, 0, 0, 1]
[0.99989557, -0.003179017, 0.014104369, 0.49895456;
 0.0029659371, 0.99988151, 0.015105306, 0.40696663;
 -0.014150656, -0.015062046, 0.99978644, 1.9645516;
 0, 0, 0, 1]
[0.99961758, -0.013217795, 0.024289282, -0.58950025;
 0.013044951, 0.99988854, 0.0072652828, -1.7105318;
 -0.024382757, -0.0069458755, 0.99967867, 1.931833;
 0, 0, 0, 1]
[0.99782521, -0.032619551, 0.057275765, -4.431344;
 0.032458141, 0.999466, 0.0037446897, -5.5337558;
 -0.057367627, -0.0018775903, 0.99835151, 2.5452051;
 0, 0, 0, 1]
[0.9984532, -0.032628268, 0.04500879, -2.87624;
 0.033311594, 0.99933904, -0.014515071, -9.5247173;
 -0.044505563, 0.015991861, 0.99888122, 0.64813811;
 0, 0, 0, 1]
[0.99928552, -0.033345774, 0.017784532, 1.2423816;
 0.034451783, 0.99722385, -0.066012755, -14.352618;
 -0.015533907, 0.066578344, 0.99766016, -3.8090589;
 0, 0, 0, 1]
[0.99979204, -0.019588673, -0.0056371461, 5.2056427;
 0.019050619, 0.99633503, -0.083387472, -16.319641;
 0.0072497237, 0.083262593, 0.99650115, -6.7000566;
 0, 0, 0, 1]
[0.99983281, -0.0072804871, -0.016786398, 6.914073;
 0.0060884221, 0.99752766, -0.070011802, -14.048731;
 0.017254813, 0.069897935, 0.99740523, -6.1159911;
 0, 0, 0, 1]
[0.99990624, 0.0014415133, -0.013629845, 6.4394407;
 -0.0020083894, 0.99912894, -0.041677553, -10.102077;
 0.013557903, 0.041701008, 0.9990384, -3.9955301;
 0, 0, 0, 1]
[0.99999815, -0.0016810336, -0.00073139073, 4.8167448;
 0.0016571359, 0.99950355, -0.031467896, -6.1711965;
 0.00078389543, 0.031466648, 0.99950451, -1.7654504;
 0, 0, 0, 1]
[0.99997681, -0.001734532, 0.0066200923, 3.6591873;
 0.0018170204, 0.99992025, -0.012508417, -2.6666338;
 -0.0065977783, 0.012520125, 0.9998998, 0.40153363;
 0, 0, 0, 1]
[0.99975097, -0.0039428091, 0.021951478, 2.812346;
 0.0039654295, 0.99999118, -0.00097977696, -0.11662034;
 -0.021947496, 0.0010664727, 0.99975824, 2.1416547;
 0, 0, 0, 1]
[0.99961609, 0.00096589094, 0.027695797, 2.1354802;
 -0.0015078896, 0.99980772, 0.019556249, 1.5357913;
 -0.027671335, -0.019590395, 0.99942482, 3.1980381;
 0, 0, 0, 1]
[0.99977946, 0.0011032093, 0.020973321, 1.5798793;
 -0.0015488761, 0.99977261, 0.021248233, 1.5174702;
 -0.020944867, -0.02127601, 0.99955416, 3.9567461;
 0, 0, 0, 1]
[0.99955499, -0.0080606081, 0.028731765, -0.34796008;
 0.0073185638, 0.99963945, 0.025842698, 0.17862131;
 -0.028929848, -0.025621001, 0.99925339, 5.0349779;
 0, 0, 0, 1]
[0.99864072, -0.030316593, 0.042400196, -2.1956952;
 0.030968986, 0.99941081, -0.01481709, -6.2633114;
 -0.041926287, 0.016110076, 0.99899107, 3.1622958;
 0, 0, 0, 1]
[0.99830371, -0.052989047, 0.024124512, -1.1571621;
 0.054830737, 0.99499953, -0.08348272, -16.273525;
 -0.019580433, 0.084663659, 0.99621713, -2.6238496;
 0, 0, 0, 1]
[0.99716091, -0.075236797, 0.003021748, 1.5534128;
 0.074830897, 0.98572421, -0.15082619, -24.205517;
 0.0083689857, 0.15062422, 0.98855555, -8.3055458;
 0, 0, 0, 1]
[0.99765491, -0.063386433, -0.025828781, 5.2136168;
 0.05851239, 0.98559564, -0.15867336, -25.948547;
 0.035514541, 0.15678993, 0.98699337, -10.599607;
 0, 0, 0, 1]
[0.99889606, -0.035613041, -0.030631078, 7.0283723;
 0.031564064, 0.99180502, -0.12379751, -21.492317;
 0.034788769, 0.12269405, 0.99183452, -8.7896557;
 0, 0, 0, 1]
[0.99963474, -0.019523669, -0.01868245, 6.0829239;
 0.017945895, 0.99653727, -0.081185505, -14.822718;
 0.020202715, 0.08082062, 0.9965238, -5.1275616;
 0, 0, 0, 1]
[0.99983144, -0.017207295, -0.0064917458, 4.3163652;
 0.016883845, 0.9987542, -0.046965405, -8.7088833;
 0.0072918348, 0.046847869, 0.99887544, -1.3425753;
 0, 0, 0, 1]
[0.99993068, -0.010785666, 0.0046771877, 3.2276378;
 0.010851008, 0.9998402, -0.014192225, -3.7377169;
 -0.0045235227, 0.0142419, 0.99988818, 1.4525371;
 0, 0, 0, 1]
[0.99985492, -0.00031111977, 0.017018717, 2.4482429;
 5.080381e-05, 0.99988258, 0.015305595, -0.040109891;
 -0.017021729, -0.015302507, 0.99973828, 3.2240515;
 0, 0, 0, 1]
[0.9998188, 0.0049569774, 0.01838932, 1.9584097;
 -0.0055096266, 0.99953091, 0.030125702, 2.4412856;
 -0.018231608, -0.030221563, 0.99937725, 4.3822088;
 0, 0, 0, 1]
[0.99967223, 0.0083434377, 0.024196958, 1.5507914;
 -0.0094048148, 0.99898249, 0.044096973, 3.7936537;
 -0.023804622, -0.044310238, 0.9987343, 4.9801669;
 0, 0, 0, 1]
[0.99951524, 0.0065320558, 0.030436916, 1.4004081;
 -0.0078365402, 0.99904674, 0.042940911, 4.4072132;
 -0.030127697, -0.043158647, 0.99861413, 5.303658;
 0, 0, 0, 1]
[0.9997434, 0.0024705445, 0.022510426, 0.98821753;
 -0.0031851532, 0.9994902, 0.03176501, 3.7392159;
 -0.022420775, -0.031828526, 0.99924171, 5.4378262;
 0, 0, 0, 1]
[0.9997744, -0.0065037007, 0.020197691, 0.23074059;
 0.0062903007, 0.99992353, 0.010621848, -1.6963981;
 -0.020265352, -0.010492228, 0.99973941, 4.2349854;
 0, 0, 0, 1]
[0.99935865, -0.03466735, 0.0089691896, 1.0402327;
 0.03514779, 0.99754673, -0.060539629, -12.649092;
 -0.0068485825, 0.060816053, 0.99812567, -1.053569;
 0, 0, 0, 1]
[0.99844038, -0.052625891, -0.018620048, 4.3690596;
 0.050002355, 0.99141431, -0.12081788, -20.564234;
 0.024818253, 0.11969846, 0.99249977, -6.6446714;
 0, 0, 0, 1]
[0.99853885, -0.038861629, -0.037545193, 7.6163201;
 0.033706337, 0.99102771, -0.12933481, -21.212303;
 0.042234372, 0.12788035, 0.99089009, -8.0486317;
 0, 0, 0, 1]
[0.99914682, -0.025985565, -0.032089666, 6.7716188;
 0.022491278, 0.99423635, -0.10482381, -17.221735;
 0.034628604, 0.1040128, 0.99397278, -5.8544564;
 0, 0, 0, 1]
[0.99974626, -0.018934077, -0.012196581, 4.8968911;
 0.018122489, 0.99781549, -0.063528597, -11.38;
 0.013372668, 0.063291393, 0.99790543, -2.4994512;
 0, 0, 0, 1]
[0.99995691, -0.0089191943, 0.0026609604, 3.7350433;
 0.0089784293, 0.99969256, -0.023097804, -6.0689616;
 -0.0024538958, 0.023120699, 0.99972939, 0.41950858;
 0, 0, 0, 1]
[0.99990714, -0.0039617438, 0.013033684, 2.836596;
 0.0039203875, 0.99998713, 0.0031963745, -2.0286009;
 -0.013046289, -0.0031450395, 0.99991, 2.4912064;
 0, 0, 0, 1]
[0.99965757, -0.0024662979, 0.026045242, 2.1370728;
 0.0020499218, 0.9998697, 0.015996525, 0.76171476;
 -0.026081417, -0.015937643, 0.99953264, 3.6364448;
 0, 0, 0, 1]
[0.99943805, -0.00054003834, 0.033525091, 1.5645597;
 -0.00048902916, 0.99952948, 0.030675944, 2.5470104;
 -0.033526033, -0.030675109, 0.99896747, 4.209434;
 0, 0, 0, 1]
[0.99937999, 0.0041364045, 0.034970731, 1.0416578;
 -0.0056087137, 0.99909747, 0.042112678, 3.5458012;
 -0.03476489, -0.042282727, 0.9985007, 4.0901933;
 0, 0, 0, 1]
[0.999479, 0.0010068717, 0.032248497, 0.7965433;
 -0.0022597944, 0.99924242, 0.038843434, 3.8881056;
 -0.032185037, -0.038896151, 0.99872482, 3.9724545;
 0, 0, 0, 1]
[0.99934411, 0.0053234692, 0.035819363, 0.746674;
 -0.0069844024, 0.99889815, 0.04640606, 3.8830264;
 -0.035533186, -0.046626013, 0.99828035, 3.9451859;
 0, 0, 0, 1]
[0.99955571, 0.0069273436, 0.028975565, 0.80977291;
 -0.0081852973, 0.99901819, 0.043527991, 3.6660373;
 -0.028645724, -0.043745913, 0.99863166, 3.8279865;
 0, 0, 0, 1]
[0.99978715, 0.0065100491, 0.019600043, 0.96952021;
 -0.007213199, 0.99932593, 0.036007896, 3.2503016;
 -0.019352516, -0.036141619, 0.99915975, 3.8346493;
 0, 0, 0, 1]
[0.99992597, 0.0059786085, 0.010593383, 1.6260607;
 -0.006261704, 0.99961895, 0.026876809, 1.8609942;
 -0.01042881, -0.026941206, 0.99958277, 3.8632166;
 0, 0, 0, 1]
[0.99993384, 0.0071529811, 0.0089410506, 2.8750315;
 -0.0073273065, 0.99978, 0.01962804, 0.0033532523;
 -0.0087987613, -0.019692319, 0.99976724, 4.0561061;
 0, 0, 0, 1]
[0.99994457, 0.0053017032, 0.0091243098, 3.972178;
 -0.0054200189, 0.99990064, 0.013022647, -2.3379557;
 -0.0090542287, -0.013071429, 0.99987358, 5.01443;
 0, 0, 0, 1]
[0.999924, -0.0053151571, 0.01107324, 4.5868917;
 0.0053304206, 0.99998498, -0.0013632256, -4.3219481;
 -0.011066187, 0.0014219233, 0.99993759, 6.4753284;
 0, 0, 0, 1]
[0.99987489, -0.0063241823, 0.014519779, 4.5867505;
 0.0063002678, 0.9999789, 0.0016969673, -5.2994318;
 -0.014530151, -0.0016053948, 0.99989313, 8.7371473;
 0, 0, 0, 1]
[0.99962234, -0.0060442537, 0.026799053, 4.3275132;
 0.0056531737, 0.99987674, 0.014640642, -5.6605883;
 -0.026884086, -0.014483539, 0.99953336, 10.683544;
 0, 0, 0, 1]
[0.99948686, -0.0061415825, 0.031438842, 4.109725;
 0.0055755032, 0.99982119, 0.018064154, -5.502902;
 -0.031544197, -0.01787957, 0.99934244, 12.194024;
 0, 0, 0, 1]
[0.99932075, -0.003481963, 0.036689289, 3.8696611;
 0.0025234839, 0.99965501, 0.026140507, -5.0447764;
 -0.036767479, -0.02603012, 0.99898469, 13.037591;
 0, 0, 0, 1]
[0.99931705, -0.0032846397, 0.036806852, 3.5490849;
 0.0022691642, 0.9996165, 0.027597843, -4.7788877;
 -0.036883298, -0.027495354, 0.99894136, 13.135839;
 0, 0, 0, 1]
[0.9991827, -0.0061403713, 0.03995534, 3.1755497;
 0.0054235924, 0.99982274, 0.018027777, -4.9406095;
 -0.040058754, -0.017796258, 0.99903864, 12.782851;
 0, 0, 0, 1]
[0.99903655, -0.0099217342, 0.042754933, 2.3541806;
 0.0093615651, 0.99986798, 0.013281996, -5.6048737;
 -0.042880926, -0.012868992, 0.99899745, 11.46705;
 0, 0, 0, 1]
[0.99928153, -0.01616995, 0.034271944, 1.6230983;
 0.016195726, 0.99986869, -0.00047347983, -6.2147646;
 -0.034259953, 0.0010280679, 0.99941248, 9.6052742;
 0, 0, 0, 1]
[0.99948007, -0.017080499, 0.027337721, 0.69307184;
 0.017217411, 0.9998405, -0.0047742734, -5.343039;
 -0.027252009, 0.0052425796, 0.99961489, 7.0152812;
 0, 0, 0, 1]
[0.9997952, -0.0064587244, 0.019185096, 0.62180394;
 0.0062955669, 0.99994338, 0.0085582333, -3.0850947;
 -0.019239083, -0.0084356163, 0.99977934, 4.5814614;
 0, 0, 0, 1]
[0.99982566, -0.0073770829, 0.017138965, 0.57563043;
 0.0073718335, 0.9999724, 0.00038171964, -1.0860198;
 -0.017141305, -0.0002553112, 0.99985301, 2.9389119;
 0, 0, 0, 1]
[0.99994642, 0.0008405777, 0.01030281, 0.69436479;
 -0.0010095753, 0.99986458, 0.016404292, 0.52998102;
 -0.010287773, -0.01641389, 0.99981242, 2.1864152;
 0, 0, 0, 1]
[0.99994266, 0.0020601747, 0.0104987, 0.78533792;
 -0.0022583806, 0.99981856, 0.018912179, 1.654967;
 -0.010457893, -0.018934812, 0.99976605, 1.7406734;
 0, 0, 0, 1]
[0.99989271, -0.001040541, 0.014595803, 0.84095997;
 0.00074217608, 0.99979097, 0.020430036, 2.1038165;
 -0.014613982, -0.020417096, 0.99968445, 1.3249937;
 0, 0, 0, 1]
[0.99982113, 0.0028205656, 0.018697305, 0.9013918;
 -0.0033616987, 0.99957454, 0.028972663, 2.255774;
 -0.018607616, -0.029030338, 0.99940497, 1.03326;
 0, 0, 0, 1]
[0.99982333, 0.003837585, 0.018399896, 0.97421491;
 -0.0043999744, 0.99952072, 0.030627938, 2.2144341;
 -0.018273879, -0.030703684, 0.99936181, 1.0971138;
 0, 0, 0, 1]
[0.99982202, 0.0044736071, 0.018340796, 1.0398647;
 -0.0050664782, 0.99946183, 0.032411467, 2.106447;
 -0.018185977, -0.032498658, 0.99930638, 1.2620875;
 0, 0, 0, 1]
[0.99978387, 0.0003078063, 0.02079941, 1.0428816;
 -0.0008765778, 0.9996255, 0.027349126, 1.6066899;
 -0.020783195, -0.027361525, 0.99940968, 1.754606;
 0, 0, 0, 1]
[0.99967027, -0.004068953, 0.025351882, 0.46200874;
 0.0033328685, 0.99957353, 0.0290154, 0.27475449;
 -0.025459353, -0.02892139, 0.99925786, 2.6730685;
 0, 0, 0, 1]
[0.99919689, -0.013416656, 0.037754282, -1.7275276;
 0.011979702, 0.9992041, 0.038032707, -1.3109972;
 -0.038234588, -0.037549976, 0.99856311, 4.1163406;
 0, 0, 0, 1]
[0.99792856, -0.023102177, 0.060045555, -4.3048439;
 0.020328766, 0.99871629, 0.046396941, -2.5892935;
 -0.061040539, -0.045080237, 0.99711722, 6.0836687;
 0, 0, 0, 1]
[0.99546421, -0.029616704, 0.090408705, -6.3381963;
 0.024600074, 0.99812168, 0.056108009, -3.8145375;
 -0.091900505, -0.05362932, 0.9943226, 8.0230246;
 0, 0, 0, 1]
[0.99413294, -0.02778911, 0.10453622, -6.7273784;
 0.02214136, 0.99825156, 0.054805811, -5.1458468;
 -0.10587664, -0.052169796, 0.99301016, 9.7293463;
 0, 0, 0, 1]
[0.99317336, -0.028512305, 0.11310801, -6.7167454;
 0.02369952, 0.99876475, 0.043668918, -6.2290893;
 -0.11421338, -0.040690243, 0.99262244, 10.857305;
 0, 0, 0, 1]
[0.99326307, -0.023464171, 0.11348365, -6.4560342;
 0.019478757, 0.99915844, 0.036101189, -6.7777882;
 -0.11423531, -0.033647563, 0.99288404, 11.6518;
 0, 0, 0, 1]
[0.99406719, -0.017013118, 0.10742769, -5.7168207;
 0.013406222, 0.99932468, 0.034209095, -6.9736571;
 -0.10793733, -0.032566112, 0.99362433, 12.375031;
 0, 0, 0, 1]
[0.99425417, -0.017120812, 0.1056703, -5.1296248;
 0.01477568, 0.99962801, 0.02293513, -7.3563809;
 -0.10602377, -0.021241968, 0.99413699, 12.45123;
 0, 0, 0, 1]
[0.99388343, -0.021472249, 0.10832974, -5.0129161;
 0.020567512, 0.99974388, 0.0094622085, -7.6585484;
 -0.10850505, -0.0071762386, 0.99407029, 12.246694;
 0, 0, 0, 1]
[0.99425846, -0.028123857, 0.10324033, -5.5137444;
 0.028673265, 0.99958128, -0.0038408202, -8.015132;
 -0.10308929, 0.0067791063, 0.99464923, 11.555986;
 0, 0, 0, 1]
[0.9939537, -0.034493979, 0.10423807, -6.6756997;
 0.034457944, 0.99940354, 0.0021457705, -7.4671736;
 -0.10425007, 0.0014589954, 0.99455005, 10.397264;
 0, 0, 0, 1]
[0.99349272, -0.04160073, 0.10602403, -7.6380987;
 0.041413482, 0.99913424, 0.0039664092, -6.8343086;
 -0.10609761, 0.00045009275, 0.99435592, 9.5714149;
 0, 0, 0, 1]
[0.99344313, -0.046376795, 0.10450024, -8.2627497;
 0.045979548, 0.99892312, 0.0062071905, -6.3106627;
 -0.10467561, -0.0013616331, 0.99450541, 8.9236689;
 0, 0, 0, 1]
[0.99291462, -0.046085123, 0.1095317, -8.4719696;
 0.045096628, 0.9989168, 0.011486158, -6.0840273;
 -0.1099424, -0.0064653307, 0.99391717, 8.6590223;
 0, 0, 0, 1]
[0.99337971, -0.045244016, 0.10559345, -8.4945278;
 0.044126086, 0.99894279, 0.012900827, -5.8710871;
 -0.10606555, -0.0081560845, 0.99432576, 8.4773693;
 0, 0, 0, 1]
[0.99555379, -0.037368435, 0.086463802, -6.4559321;
 0.036231373, 0.99923539, 0.014681215, -5.0506968;
 -0.086946405, -0.011483327, 0.99614698, 7.7232413;
 0, 0, 0, 1]
[0.99814802, -0.022991829, 0.056319892, -2.0868044;
