[0.99990213, -0.0021697993, 0.01382398, -0.82977122;
 0.0019868731, 0.9999103, 0.013229216, -0.1841487;
 -0.013851578, -0.013200685, 0.99981731, -1.2476803;
 0, 0, 0, 1]
[0.99995172, -0.0009986643, 0.0097942417, -0.80379033;
 0.00085379824, 0.99989033, 0.014788178, -0.19045492;
 -0.0098080654, -0.014779229, 0.99984282, -1.3069956;
 0, 0, 0, 1]
[0.99993682, 0.00014019731, 0.011256434, -0.79447526;
 -0.00035378925, 0.99981999, 0.018981224, -0.21507172;
 -0.011251788, -0.018984031, 0.99975663, -1.3690739;
 0, 0, 0, 1]
[0.99993002, -0.0010242211, 0.011793519, -0.76334244;
 0.00082500884, 0.99985707, 0.016882442, -0.23222479;
 -0.011809268, -0.016871519, 0.99978811, -1.3690839;
 0, 0, 0, 1]
[0.99988508, -0.0044461759, 0.014488686, -0.7524817;
 0.0042850655, 0.99992871, 0.011137972, -0.23111184;
 -0.014537336, -0.011074712, 0.99983341, -1.3847468;
 0, 0, 0, 1]
[0.99982119, -0.0048678275, 0.018283645, -0.7226842;
 0.0046508284, 0.99991864, 0.011890018, -0.20919257;
 -0.018340209, -0.011803058, 0.9997623, -1.2881513;
 0, 0, 0, 1]
[0.99989581, -0.0024459064, 0.01423605, -0.68433112;
 0.0022586994, 0.99991107, 0.01315498, -0.19055201;
 -0.014267006, -0.013121403, 0.99981207, -1.2200686;
 0, 0, 0, 1]
[0.99993032, -0.001078813, 0.011792359, -0.64663184;
 0.00091260718, 0.9999001, 0.014097134, -0.14379345;
 -0.011806256, -0.014085406, 0.99983126, -1.0644742;
 0, 0, 0, 1]
[0.99997091, -0.0016053802, 0.0074275075, -0.59925717;
 0.0015323282, 0.99995035, 0.0098295501, -0.15849279;
 -0.0074430294, -0.0098180752, 0.99992406, -0.93367881;
 0, 0, 0, 1]
[0.99996543, -0.00045847637, 0.0083027938, -0.29839167;
 0.000392246, 0.99996817, 0.0079742074, -0.61084908;
 -0.0083060842, -0.0079706339, 0.9999336, -0.70747352;
 0, 0, 0, 1]
[0.99999279, 0.0036765975, 0.00086392742, 0.98125041;
 -0.0036762953, 0.99999321, -0.00044202287, -1.5674703;
 -0.00086578145, 0.00043881318, 0.99999964, -0.79521501;
 0, 0, 0, 1]
[0.99988884, 0.011658059, -0.0092816791, 2.9061184;
 -0.01170833, 0.99991661, -0.0054057408, -2.5907567;
 0.0092178108, 0.0055136057, 0.99994242, -1.1548795;
 0, 0, 0, 1]
[0.99955678, 0.021423835, -0.020687155, 4.8536053;
 -0.021648886, 0.99970806, -0.010721101, -3.3982465;
 0.020451471, 0.011164188, 0.99972892, -1.5186621;
 0, 0, 0, 1]
[0.99926937, 0.028032335, -0.025986562, 6.3355484;
 -0.028308909, 0.99954599, -0.010340502, -3.9552104;
 0.025684627, 0.011068582, 0.99960923, -1.7325298;
 0, 0, 0, 1]
[0.99892765, 0.033063404, -0.032405425, 7.3308663;
 -0.033377625, 0.99940038, -0.0091996603, -4.2948613;
 0.03208169, 0.010271354, 0.9994325, -1.8101941;
 0, 0, 0, 1]
[0.99875295, 0.036083631, -0.034505915, 7.8730135;
 -0.036340714, 0.99931586, -0.0068522822, -4.4849477;
 0.034235083, 0.0080975378, 0.99938107, -1.9488697;
 0, 0, 0, 1]
[0.99876839, 0.037681013, -0.032277901, 8.0054455;
 -0.037763324, 0.9992851, -0.0019386868, -4.5226612;
 0.032181747, 0.0031553907, 0.99947697, -2.0369465;
 0, 0, 0, 1]
[0.99887979, 0.033686642, -0.033224512, 7.9492307;
 -0.034035556, 0.99937081, -0.0099895839, -4.4847965;
 0.032867141, 0.011109365, 0.99939775, -2.0768416;
 0, 0, 0, 1]
[0.99891794, 0.03329872, -0.032467853, 7.6745095;
 -0.033620421, 0.99939007, -0.0094183786, -4.4067488;
 0.032134302, 0.010499761, 0.99942857, -2.0590396;
 0, 0, 0, 1]
[0.99904937, 0.029201306, -0.032373495, 6.8417883;
 -0.029651385, 0.99946916, -0.013506766, -4.167407;
 0.031961683, 0.014453772, 0.999385, -2.0038462;
 0, 0, 0, 1]
[0.99961925, 0.019997783, -0.019008389, 4.6662745;
 -0.020193053, 0.99974477, -0.010146433, -3.3715835;
 0.018800657, 0.010526517, 0.99976778, -1.6454899;
 0, 0, 0, 1]
[0.99991941, 0.0078690769, -0.0099411728, 2.4817204;
 -0.0079843197, 0.99990016, -0.011619276, -2.567379;
 0.0098486161, 0.011697601, 0.99988294, -1.1995593;
 0, 0, 0, 1]
[0.99999654, 0.002547397, 0.00039323559, 0.63657475;
 -0.0025475377, 0.99999654, 0.00044858307, -1.2883323;
 -0.00039206617, -0.0004494288, 0.99999976, -0.62760067;
 0, 0, 0, 1]
[0.99998397, 0.00024719103, 0.0056439908, -0.72380418;
 -0.00033458701, 0.99988014, 0.015490968, -0.35044977;
 -0.0056394339, -0.015492452, 0.99986404, -0.33778748;
 0, 0, 0, 1]
[0.99985194, -0.007230246, 0.015584587, -1.5697732;
 0.0069728456, 0.99983954, 0.016506637, 0.21993837;
 -0.015701663, -0.016395481, 0.99974221, -0.24647032;
 0, 0, 0, 1]
[0.99983203, -0.0076550301, 0.016660836, -2.0288498;
 0.0073041636, 0.99975234, 0.021028467, 0.56372082;
 -0.016817911, -0.020903351, 0.9996407, -0.14726168;
 0, 0, 0, 1]
[0.99961001, -0.0091878846, 0.026373865, -2.1593249;
 0.0086149415, 0.9997263, 0.021751022, 0.72722501;
 -0.02656679, -0.021515431, 0.99941564, -0.119625;
 0, 0, 0, 1]
[0.99964905, -0.0086624101, 0.025020853, -2.1313033;
 0.0080818869, 0.9996978, 0.023212586, 0.76308924;
 -0.025214506, -0.023002138, 0.99941736, -0.15315923;
 0, 0, 0, 1]
[0.99973732, -0.0071521644, 0.02179746, -1.9876735;
 0.0066717616, 0.99973512, 0.022027388, 0.70721436;
 -0.021949288, -0.021876231, 0.99951982, -0.26625839;
 0, 0, 0, 1]
[0.99969208, -0.0071596783, 0.023766868, -1.7780036;
 0.0066945637, 0.99978584, 0.019589212, 0.60985458;
 -0.023901932, -0.01942393, 0.99952567, -0.36625308;
 0, 0, 0, 1]
[0.99983609, -0.0063069654, 0.016974723, -1.5344743;
 0.0060564335, 0.99987239, 0.01476795, 0.50601196;
 -0.017065804, -0.014662883, 0.99974674, -0.39828426;
 0, 0, 0, 1]
[0.99984884, -0.0042610066, 0.0168331, -1.2917325;
 0.0040026093, 0.99987388, 0.015349648, 0.42051408;
 -0.016896628, -0.015280155, 0.99974036, -0.42644551;
 0, 0, 0, 1]
[0.9999156, -0.0046558562, 0.012135807, -0.92525065;
 0.0045716465, 0.99996543, 0.0069521493, 0.19983312;
 -0.012167953, -0.0068961456, 0.99990255, -0.29535824;
 0, 0, 0, 1]
[0.99996161, -0.00097769941, 0.008725442, -0.054203156;
 0.00095635263, 0.99999648, 0.0024621936, -0.70641893;
 -0.0087279351, -0.0024537486, 0.99995911, -0.1695141;
 0, 0, 0, 1]
[0.9999727, 0.0066627734, -0.0031481169, 1.8064668;
 -0.0066659278, 0.99997717, -0.00097421365, -1.8246949;
 0.0031414565, 0.0009951184, 0.99999452, -0.48902783;
 0, 0, 0, 1]
[0.99977827, 0.01430032, -0.015462679, 3.9305875;
 -0.01447889, 0.99982917, -0.011486367, -2.8078191;
 0.015295747, 0.011707759, 0.99981421, -1.0328467;
 0, 0, 0, 1]
[0.99943161, 0.021544578, -0.025923619, 5.7862124;
 -0.021960344, 0.99963301, -0.015866995, -3.548533;
 0.025572348, 0.016427202, 0.99953836, -1.5184119;
 0, 0, 0, 1]
[0.99897879, 0.026464364, -0.036616255, 7.0667577;
 -0.027146295, 0.99946469, -0.018254364, -4.0796676;
 0.036113478, 0.019229809, 0.99916261, -1.8862189;
 0, 0, 0, 1]
[0.99880177, 0.031235097, -0.03766859, 7.8351278;
 -0.031963192, 0.99931002, -0.018889185, -4.400908;
 0.037052643, 0.020070588, 0.99911153, -2.2351711;
 0, 0, 0, 1]
[0.9986397, 0.033565264, -0.039891522, 8.2253962;
 -0.034112662, 0.99933207, -0.013115714, -4.5099573;
 0.039424431, 0.014458719, 0.99911785, -2.2445159;
 0, 0, 0, 1]
[0.99833655, 0.034185559, -0.046427321, 8.2861633;
 -0.034778725, 0.99932265, -0.012029925, -4.5581279;
 0.045984559, 0.01362445, 0.99884957, -2.3019977;
 0, 0, 0, 1]
[0.99867904, 0.030749597, -0.041160163, 8.2092791;
 -0.031377569, 0.99939954, -0.014704216, -4.5107512;
 0.040683232, 0.015976224, 0.99904448, -2.1946104;
 0, 0, 0, 1]
[0.99889314, 0.030329706, -0.035946641, 7.6889033;
 -0.030749451, 0.99946505, -0.011175951, -4.3349171;
 0.035588264, 0.012268888, 0.9992913, -2.1834745;
 0, 0, 0, 1]
[0.99945897, 0.022656359, -0.023825817, 5.8141627;
 -0.022932595, 0.99967182, -0.011388602, -3.66869;
 0.023559842, 0.01192879, 0.99965096, -1.7894897;
 0, 0, 0, 1]
[0.99992061, 0.011092007, -0.0060326275, 3.106607;
 -0.011139981, 0.99990648, -0.0079709198, -2.5542989;
 0.0059437146, 0.0080375243, 0.99995017, -1.0598083;
 0, 0, 0, 1]
[0.99997115, 0.0051456275, 0.0054910351, 1.1065825;
 -0.0052037369, 0.99992943, 0.010631291, -1.1204994;
 -0.0054359231, -0.010659402, 0.99992818, -0.17650825;
 0, 0, 0, 1]
[0.99988979, -0.001108031, 0.014766902, -0.30291501;
 0.00076165609, 0.99972445, 0.023449831, 0.0039603817;
 -0.014788864, -0.023435988, 0.99961579, 0.56055331;
 0, 0, 0, 1]
[0.9999072, -0.0036703846, 0.013107551, -1.190843;
 0.0033187463, 0.99963683, 0.026743056, 0.7038998;
 -0.013201043, -0.026696967, 0.99955648, 0.83535677;
 0, 0, 0, 1]
[0.99993593, -0.0031721024, 0.010845458, -1.7098507;
 0.0027907384, 0.99938351, 0.034992877, 1.0709355;
 -0.010949925, -0.034960479, 0.99932867, 0.8540203;
 0, 0, 0, 1]
[0.99992323, -0.0028167514, 0.012042097, -1.8769474;
 0.0023686492, 0.9993096, 0.037073907, 1.1771295;
 -0.012138537, -0.03704264, 0.9992404, 0.7868613;
 0, 0, 0, 1]
[0.99994212, -0.0025525757, 0.010447026, -1.9075596;
 0.002172064, 0.99933898, 0.036287982, 1.1586041;
 -0.010532755, -0.036262918, 0.99928689, 0.57046789;
 0, 0, 0, 1]
[0.99995917, -0.0021553549, 0.0087719401, -1.8053792;
 0.0018483683, 0.99939108, 0.034843888, 1.0551757;
 -0.008841875, -0.034826331, 0.99935418, 0.37687066;
 0, 0, 0, 1]
[0.99987227, -0.0039352775, 0.015496111, -1.606542;
 0.0033888821, 0.99937749, 0.035115536, 0.91833854;
 -0.015624763, -0.035058681, 0.99926311, 0.24998593;
 0, 0, 0, 1]
[0.99990553, -0.0010710217, 0.013702143, -1.3529052;
 0.00059514219, 0.99939835, 0.034676742, 0.78429896;
 -0.013731014, -0.034665212, 0.99930447, 0.15888286;
 0, 0, 0, 1]
[0.99991304, -0.00058473641, 0.013138222, -1.0122733;
 0.00017724722, 0.99951875, 0.031007664, 0.64577538;
 -0.01315035, -0.031002695, 0.9994331, 0.18549784;
 0, 0, 0, 1]
[0.99992609, 0.00072882255, 0.012122114, -0.68019801;
 -0.0010596538, 0.99962687, 0.027294347, 0.50152588;
 -0.01209793, -0.027305381, 0.99955398, 0.22610344;
 0, 0, 0, 1]
[0.99991405, 0.002377772, 0.012897434, 0.046374965;
 -0.0026853161, 0.99971092, 0.023885112, -0.38957477;
 -0.012836611, -0.023917569, 0.99963129, 0.23662752;
 0, 0, 0, 1]
[0.99996227, 0.0081964005, 0.0029436562, 1.9575992;
 -0.0082236556, 0.9999221, 0.0093973251, -1.5705448;
 -0.0028666439, -0.0094211064, 0.99995172, -0.2207868;
 0, 0, 0, 1]
[0.99976844, 0.018241167, -0.011405252, 4.2003055;
 -0.018188277, 0.99982375, 0.004718231, -2.6323071;
 0.011489238, -0.0045097023, 0.99992371, -0.67528439;
 0, 0, 0, 1]
[0.9993366, 0.025588484, -0.025912447, 6.0328512;
 -0.025679832, 0.99966496, -0.0031967664, -3.4139535;
 0.025822153, 0.0038601886, 0.99965876, -1.0835509;
 0, 0, 0, 1]
[0.9989866, 0.028895183, -0.034505304, 7.2157202;
 -0.029165063, 0.9995476, -0.007346502, -3.9362774;
 0.034277398, 0.008345549, 0.99937743, -1.4410797;
 0, 0, 0, 1]
[0.99854439, 0.032378029, -0.04313248, 7.9876776;
 -0.03291953, 0.99938738, -0.011909273, -4.2784753;
 0.042720363, 0.013311883, 0.99899846, -1.6745954;
 0, 0, 0, 1]
[0.99847567, 0.035637554, -0.042142656, 8.4113188;
 -0.036054906, 0.99930793, -0.0091761313, -4.4671454;
 0.041786078, 0.010681418, 0.99906963, -1.8098751;
 0, 0, 0, 1]
[0.99841201, 0.034441944, -0.044577632, 8.4805841;
 -0.03513328, 0.99927306, -0.014817173, -4.5274282;
 0.04403479, 0.016359882, 0.99889624, -1.9251473;
 0, 0, 0, 1]
[0.9985075, 0.033987116, -0.042746227, 8.407815;
 -0.034485929, 0.99934453, -0.010987668, -4.4876885;
 0.042344745, 0.012445391, 0.99902523, -1.9822301;
 0, 0, 0, 1]
[0.99861312, 0.032051343, -0.041757207, 8.2427139;
 -0.03237728, 0.99944985, -0.007154827, -4.3685293;
 0.041504644, 0.0084968135, 0.99910218, -1.9252367;
 0, 0, 0, 1]
[0.99894202, 0.027567441, -0.036805373, 7.2473855;
 -0.027946545, 0.99956143, -0.0098297838, -4.258553;
 0.036518224, 0.010848109, 0.99927396, -1.9145491;
 0, 0, 0, 1]
[0.99961853, 0.016502518, -0.022149311, 4.3561826;
 -0.016620751, 0.99984854, -0.0051633399, -3.3154557;
 0.022060735, 0.0055295047, 0.99974138, -1.4532276;
 0, 0, 0, 1]
[0.99992704, 0.0082090255, -0.0088272216, 1.9825335;
 -0.0081549454, 0.99994779, 0.00612874, -1.7097251;
 0.008876971, -0.0060562515, 0.99994254, -0.58961135;
 0, 0, 0, 1]
[0.9999944, 0.0004060457, 0.0033889876, 0.28225592;
 -0.00043772644, 0.99995643, 0.0093409168, -0.58641016;
 -0.0033854896, -0.0093423156, 0.99995077, -0.038187131;
 0, 0, 0, 1]
[0.99993533, -0.0058722645, 0.0097285174, -0.77140355;
 0.0057306122, 0.99987793, 0.014527444, 0.19956858;
 -0.0098128729, -0.014470708, 0.99984723, 0.32080403;
 0, 0, 0, 1]
[0.9998256, -0.0073722135, 0.017139753, -1.4057827;
 0.0070076734, 0.99975002, 0.021224106, 0.70249724;
 -0.017292038, -0.021100195, 0.99962753, 0.45356911;
 0, 0, 0, 1]
[0.99984962, -0.0071028844, 0.015832147, -1.7122781;
 0.0066485191, 0.99956983, 0.028559482, 0.97793299;
 -0.016028184, -0.028449865, 0.99946702, 0.48350185;
 0, 0, 0, 1]
[0.99973422, -0.0074193119, 0.021827517, -1.7908827;
 0.0066634924, 0.99938291, 0.034494553, 1.0927548;
 -0.022070246, -0.034340017, 0.99916655, 0.35454679;
 0, 0, 0, 1]
[0.99975759, -0.0095520196, 0.019840067, -1.7142109;
 0.0088784704, 0.99939024, 0.033764869, 1.067667;
 -0.020150399, -0.033580627, 0.99923277, 0.25536314;
 0, 0, 0, 1]
[0.99978566, -0.0095237102, 0.018364426, -1.566852;
 0.0090194214, 0.99958485, 0.027351866, 0.97821128;
 -0.018617379, -0.027180485, 0.99945712, 0.17112918;
 0, 0, 0, 1]
[0.99983919, -0.0071208188, 0.016461708, -1.3682925;
 0.0066597019, 0.99958861, 0.027896713, 0.828574;
 -0.016653705, -0.027782617, 0.99947524, 0.095934212;
 0, 0, 0, 1]
[0.99992532, -0.004590435, 0.011319173, -1.1901022;
 0.0042584874, 0.99956584, 0.029150996, 0.70418084;
 -0.011448069, -0.029100539, 0.99951082, 0.012116062;
 0, 0, 0, 1]
[0.99996996, -0.0025651495, 0.0073075923, -1.008409;
 0.002346002, 0.99955273, 0.029821949, 0.58118325;
 -0.0073809023, -0.029803891, 0.99952877, -0.057396963;
 0, 0, 0, 1]
[0.99996614, -0.0053894329, 0.0062558884, -0.87306243;
 0.005242466, 0.99971592, 0.023263568, 0.25853902;
 -0.0063796653, -0.023230074, 0.99971014, 0.046833463;
 0, 0, 0, 1]
[0.99985737, -0.011158722, 0.01270724, -1.4401166;
 0.010946704, 0.99980187, 0.016635818, -0.98716265;
 -0.012890208, -0.016494192, 0.99978089, 0.57996565;
 0, 0, 0, 1]
[0.99917269, -0.025378847, 0.031771131, -3.9205256;
 0.024905315, 0.99957407, 0.015212839, -2.7604377;
 -0.032143805, -0.014408919, 0.99937969, 1.6927577;
 0, 0, 0, 1]
[0.99733198, -0.043795723, 0.058399782, -6.9830141;
 0.043330599, 0.99901807, 0.0092075048, -4.517055;
 -0.058745604, -0.0066523924, 0.99825066, 3.0173247;
 0, 0, 0, 1]
[0.99515665, -0.056501865, 0.08043965, -9.4614973;
 0.056241117, 0.99840176, 0.0055061225, -5.7893424;
 -0.080622092, -0.00095529557, 0.99674416, 4.2061024;
 0, 0, 0, 1]
[0.99368149, -0.062855929, 0.092979535, -11.067706;
 0.062788062, 0.99801993, 0.0036572039, -6.5740037;
 -0.093025483, 0.0022039902, 0.99566096, 5.0620484;
 0, 0, 0, 1]
[0.9926613, -0.065809645, 0.10145401, -12.067539;
 0.065737098, 0.99782878, 0.0040639229, -7.0149741;
 -0.10150103, 0.0026351768, 0.99483186, 5.4097939;
 0, 0, 0, 1]
[0.9927122, -0.066891097, 0.1002389, -12.491663;
 0.066897608, 0.9977541, 0.0032977818, -7.2082348;
 -0.10023434, 0.0034319288, 0.9949578, 5.5925231;
 0, 0, 0, 1]
[0.99167168, -0.067479469, 0.10970016, -12.53685;
 0.067324311, 0.9977181, 0.0051235277, -7.2157912;
 -0.1097955, 0.0023047482, 0.99395156, 5.6086373;
 0, 0, 0, 1]
[0.9912613, -0.065480523, 0.11451104, -12.412089;
 0.064855114, 0.99785215, 0.0091852881, -7.0846639;
 -0.11486629, -0.0016782366, 0.99337912, 5.4235754;
 0, 0, 0, 1]
[0.99161917, -0.063013732, 0.11278553, -12.031703;
 0.061781537, 0.9979859, 0.014390336, -6.9263134;
 -0.11346499, -0.007301582, 0.99351513, 5.2298613;
 0, 0, 0, 1]
[0.99225461, -0.060178492, 0.10866959, -11.258949;
 0.059233658, 0.99817318, 0.011906965, -6.6903629;
 -0.10918763, -0.0053777089, 0.99400651, 4.867219;
 0, 0, 0, 1]
[0.99442095, -0.051900055, 0.09183187, -9.4863634;
 0.050572939, 0.99858057, 0.016719822, -6.1881771;
 -0.092569277, -0.011982301, 0.99563402, 4.1395121;
 0, 0, 0, 1]
[0.99789739, -0.031836964, 0.056453742, -4.9375377;
 0.031241726, 0.99944687, 0.011393697, -4.2305775;
 -0.056785401, -0.0096060885, 0.99834037, 2.3778362;
 0, 0, 0, 1]
[0.9995802, -0.014025774, 0.025358034, -1.8396472;
 0.013812581, 0.99986792, 0.0085660042, -2.0307891;
 -0.025474887, -0.0082121249, 0.9996419, 0.88877368;
 0, 0, 0, 1]
[0.99997771, -0.0028117895, 0.0059908223, 0.19122384;
 0.0027530575, 0.99994797, 0.0098025603, -0.53487474;
 -0.0060183471, -0.0097859837, 0.99993432, -0.34048304;
 0, 0, 0, 1]
[0.9999367, 0.0055293841, -0.0098161837, 1.4325619;
 -0.0054346062, 0.99993867, 0.0096587026, 0.45382068;
 0.0098692439, -0.0096046738, 0.99990511, -1.1337554;
 0, 0, 0, 1]
[0.99985367, 0.011104384, -0.013052491, 2.0577688;
 -0.010887264, 0.99980354, 0.016587321, 1.0636741;
 0.013234172, -0.016442847, 0.99977714, -1.50238;
 0, 0, 0, 1]
[0.99984342, 0.012547767, -0.01246769, 2.248817;
 -0.012298254, 0.99972665, 0.019878121, 1.3696511;
 0.012713474, -0.019721674, 0.99972481, -1.6683503;
 0, 0, 0, 1]
[0.99981105, 0.012720008, -0.014698607, 2.1838775;
 -0.012369755, 0.99964327, 0.023676697, 1.4078435;
 0.014994345, -0.023490651, 0.99961179, -1.7325277;
 0, 0, 0, 1]
[0.99991006, 0.0098237181, -0.0091379974, 1.9041189;
 -0.0096118981, 0.99969053, 0.022947192, 1.3459351;
 0.0093605062, -0.022857204, 0.99969488, -1.5822586;
 0, 0, 0, 1]
[0.99993217, 0.0091137337, -0.0072210897, 1.5657084;
 -0.0089531438, 0.99971801, 0.021998331, 1.1979282;
 0.0074195387, -0.021932093, 0.99973166, -1.4309859;
 0, 0, 0, 1]
[0.99996626, 0.005686162, -0.005944673, 1.2741182;
 -0.0055753202, 0.99981308, 0.018519433, 0.94093853;
 0.006048705, -0.018485824, 0.99981099, -1.1061493;
 0, 0, 0, 1]
[0.99999875, -0.0012612222, 0.0010119467, 0.46509799;
 0.0012467331, 0.99990022, 0.014080149, -0.16410325;
 -0.0010297707, -0.014078663, 0.99990034, -0.44657722;
 0, 0, 0, 1]
[0.99954659, -0.020006036, 0.022493385, -2.0522623;
 0.019820219, 0.99976766, 0.0084578022, -1.8933917;
 -0.022657491, -0.0080082091, 0.9997111, 0.71281677;
 0, 0, 0, 1]
[0.99777693, -0.0363332, 0.055866405, -5.4162955;
 0.035680752, 0.99928349, 0.012631229, -3.7257946;
 -0.05628546, -0.010609797, 0.99835861, 2.217793;
 0, 0, 0, 1]
[0.99587637, -0.049660221, 0.075920813, -8.4633999;
 0.049191363, 0.99875718, 0.008037976, -5.2177095;
 -0.076225586, -0.0042701815, 0.99708158, 3.5800683;
 0, 0, 0, 1]
[0.9950003, -0.056097854, 0.08263173, -10.568017;
 0.055288631, 0.99839753, 0.012052388, -6.1820045;
 -0.083175443, -0.0074236169, 0.99650747, 4.4493532;
 0, 0, 0, 1]
[0.99406916, -0.061433822, 0.089730844, -11.872227;
 0.060288712, 0.99806172, 0.01541756, -6.7691669;
 -0.090504304, -0.0099164424, 0.99584675, 4.9810381;
 0, 0, 0, 1]
[0.99316883, -0.064929008, 0.096950352, -12.533583;
 0.063811377, 0.99785495, 0.014590367, -7.0634708;
 -0.097689703, -0.0083040874, 0.9951821, 5.1933684;
 0, 0, 0, 1]
[0.99277669, -0.066024005, 0.10017081, -12.752194;
 0.06477052, 0.99777609, 0.015716683, -7.149797;
 -0.10098606, -0.0091152135, 0.99484599, 5.2607079;
 0, 0, 0, 1]
[0.99320853, -0.063885331, 0.097242005, -12.69015;
 0.062253095, 0.99786586, 0.019730594, -7.0884066;
 -0.098295212, -0.013543115, 0.99506551, 5.1783929;
 0, 0, 0, 1]
[0.99360985, -0.06045812, 0.095308758, -12.424861;
 0.058633607, 0.99804074, 0.021830834, -7.004559;
 -0.096442111, -0.01610305, 0.99520814, 4.9933186;
 0, 0, 0, 1]
[0.99382633, -0.057758119, 0.094729267, -11.012925;
 0.056426968, 0.99826741, 0.016669286, -6.6907406;
 -0.095528014, -0.011220946, 0.99536359, 4.3681612;
 0, 0, 0, 1]
[0.99744493, -0.037562966, 0.060768869, -6.903616;
 0.036672477, 0.99920404, 0.015703687, -5.2005315;
 -0.061310425, -0.013434933, 0.99802834, 2.8810649;
 0, 0, 0, 1]
[0.99919802, -0.017225763, 0.036132727, -3.01179;
 0.016652372, 0.9997316, 0.016115315, -3.3952663;
 -0.036401033, -0.015500882, 0.99921721, 1.0068753;
 0, 0, 0, 1]
[0.99985063, -0.0024811504, 0.017103365, -0.56897128;
 0.0021030628, 0.99975365, 0.022097949, -1.5103744;
 -0.01715396, -0.022058843, 0.99960953, -0.21428679;
 0, 0, 0, 1]
[0.99999034, 0.0042784731, 0.00065892312, 0.98140979;
 -0.0042922832, 0.99973899, 0.022422116, -0.16781628;
 -0.00056291244, -0.02242473, 0.99974799, -1.0141572;
 0, 0, 0, 1]
[0.99997973, 0.0062340903, -0.0011351466, 1.8326981;
 -0.0062042819, 0.99968064, 0.024487898, 0.71629107;
 0.001287328, -0.024480492, 0.99969929, -1.4170063;
 0, 0, 0, 1]
[0.99996167, 0.0079527516, -0.0035891787, 2.1846113;
 -0.0078537464, 0.99960971, 0.026803801, 1.2334913;
 0.003800761, -0.026774717, 0.99963415, -1.5781697;
 0, 0, 0, 1]
[0.99992156, 0.0062354561, -0.010879549, 2.1866992;
 -0.0060153957, 0.99977952, 0.020132812, 1.4677497;
 0.011002668, -0.020065736, 0.99973834, -1.60856;
 0, 0, 0, 1]
[0.99992877, 0.0044964724, -0.01109291, 2.0112565;
 -0.0043539596, 0.99990851, 0.012831377, 1.4674693;
 0.011149459, -0.012782347, 0.99985623, -1.6209776;
 0, 0, 0, 1]
[0.99995971, 0.001703829, -0.0087746428, 1.7279327;
 -0.0015930961, 0.99991924, 0.012613207, 1.3454115;
 0.0087950416, -0.01259881, 0.99988216, -1.4865949;
 0, 0, 0, 1]
[0.99999851, 0.00030841579, -0.0017864063, 1.3892373;
 -0.0002833464, 0.99990368, 0.013881432, 1.1246312;
 0.0017904078, -0.013880994, 0.99990249, -1.3660662;
 0, 0, 0, 1]
[0.99999243, 0.00071170286, -0.0038596764, 1.0415301;
 -0.00064772164, 0.99986255, 0.016560692, 0.79345542;
 0.0038706658, -0.016558306, 0.9998554, -1.2907124;
 0, 0, 0, 1]
[0.99997681, -0.0067043761, 0.0011253064, 0.25938404;
 0.0066936784, 0.99993569, 0.0091737183, -0.3045705;
 -0.0011868818, -0.0091659268, 0.99995732, -1.0405945;
 0, 0, 0, 1]
[0.99956143, -0.022419076, 0.019326754, -2.5427735;
 0.022273494, 0.99972183, 0.0077290065, -2.2187171;
 -0.019494861, -0.0072951084, 0.99978369, 0.027852448;
 0, 0, 0, 1]
[0.99760014, -0.039866645, 0.056605138, -6.2621536;
 0.039462883, 0.99918705, 0.0082370583, -4.24646;
 -0.056887735, -0.0059836814, 0.99836266, 1.4325786;
 0, 0, 0, 1]
[0.99500781, -0.056871831, 0.082006589, -9.2034445;
 0.056282058, 0.99837011, 0.0094851842, -5.7366791;
 -0.082412504, -0.0048223557, 0.99658656, 2.6487851;
 0, 0, 0, 1]
[0.99361545, -0.063843817, 0.093019068, -11.215037;
 0.063111454, 0.99794817, 0.010798413, -6.6635342;
 -0.093517691, -0.00485898, 0.99560618, 3.512269;
 0, 0, 0, 1]
[0.99239761, -0.068244524, 0.10242002, -12.443602;
 0.067522064, 0.99766231, 0.010508963, -7.2540565;
 -0.10289779, -0.0035134121, 0.99468577, 3.9276011;
 0, 0, 0, 1]
[0.99238127, -0.067232162, 0.10324444, -13.028805;
 0.066282786, 0.99772125, 0.012606257, -7.5284138;
 -0.10385673, -0.0056669605, 0.99457628, 4.2145505;
 0, 0, 0, 1]
[0.99215937, -0.06758704, 0.10512803, -13.224715;
 0.066917479, 0.99770933, 0.0098882299, -7.6043811;
 -0.1055555, -0.0027758558, 0.99440962, 4.1691079;
 0, 0, 0, 1]
[0.99202579, -0.067474648, 0.10644994, -13.103109;
 0.066868097, 0.99771875, 0.0092606954, -7.5351424;
 -0.10683215, -0.0020686679, 0.99427468, 4.1242614;
 0, 0, 0, 1]
[0.99253827, -0.065555461, 0.10280944, -12.735725;
 0.064987004, 0.99784678, 0.0088731395, -7.338376;
 -0.10316981, -0.002125483, 0.99466127, 3.8723736;
 0, 0, 0, 1]
[0.99416733, -0.058526233, 0.090581015, -10.756963;
 0.058160581, 0.9982841, 0.0066740732, -7.1644502;
 -0.090816207, -0.0013668719, 0.99586618, 2.7810779;
 0, 0, 0, 1]
[0.9976235, -0.039379168, 0.056534536, -6.3720555;
 0.039233133, 0.99922305, 0.0036908134, -5.2789431;
 -0.05663595, -0.0014639094, 0.99839383, 0.98362011;
 0, 0, 0, 1]
[0.9992463, -0.021159926, 0.032531723, -2.9608569;
 0.020976882, 0.99976224, 0.0059609152, -2.8011131;
 -0.032650296, -0.0052741379, 0.99945295, -0.31407011;
 0, 0, 0, 1]
[0.99988145, -0.0094924467, 0.012098785, -0.58120376;
 0.0094305472, 0.99994177, 0.0051612318, -1.0669277;
 -0.012147388, -0.0050467444, 0.99991351, -1.1411114;
 0, 0, 0, 1]
[0.99999529, -0.0023609661, 0.0020563628, 0.92097461;
 0.0023395799, 0.99994439, 0.010315624, 0.080027446;
 -0.0020806668, -0.010310867, 0.99994487, -1.6573173;
 0, 0, 0, 1]
[0.99996293, 0.00264169, -0.0082441075, 1.7349464;
 -0.0025286444, 0.99990278, 0.013697146, 0.82499129;
 0.0082792463, -0.013675918, 0.99987274, -1.8933765;
 0, 0, 0, 1]
[0.99986088, 0.0072852522, -0.014998608, 2.1012521;
 -0.0069887922, 0.99978107, 0.019734528, 1.2694856;
 0.015138892, -0.019626914, 0.99969274, -1.9880452;
 0, 0, 0, 1]
[0.99981433, 0.008617687, -0.017229687, 2.1128781;
 -0.0082550729, 0.99974513, 0.021013217, 1.432066;
 0.017406091, -0.020867143, 0.99963099, -1.8890828;
 0, 0, 0, 1]
[0.99987191, 0.0062643634, -0.014738739, 1.9227707;
 -0.005989227, 0.99980837, 0.018644268, 1.3834375;
 0.014852395, -0.018553775, 0.99971789, -1.8347291;
 0, 0, 0, 1]
